,Timestamp,hour_of_day,day_of_week,year,Reading
272,2023-12-10 17:23:49.290826,17,6,2023,0.7484035175250989
15,2023-12-10 00:23:49.290826,0,6,2023,0.42650129704246675
1813,2023-12-14 23:23:49.290826,23,3,2023,0.5715784669301963
387,2023-12-11 00:23:49.290826,0,0,2023,0.4910107394646577
1128,2023-12-13 02:23:49.290826,2,2,2023,0.6715954301885616
1795,2023-12-14 22:23:49.290826,22,3,2023,0.3592272575196368
1403,2023-12-13 20:23:49.290826,20,2,2023,0.46674231333659055
2191,2023-12-16 01:23:49.290826,1,5,2023,0.5530336845239873
1854,2023-12-15 02:23:49.290826,2,4,2023,0.45422211210565155
442,2023-12-11 04:23:49.290826,4,0,2023,0.5983649475070473
1164,2023-12-13 04:23:49.290826,4,2,2023,0.4846531072218132
1119,2023-12-13 01:23:49.290826,1,2,2023,0.3479359970463617
2249,2023-12-16 04:23:49.290826,4,5,2023,0.7604243990311229
2004,2023-12-15 12:23:49.290826,12,4,2023,0.3859306649580516
999,2023-12-12 17:23:49.290826,17,1,2023,0.5139906473113989
215,2023-12-10 13:23:49.290826,13,6,2023,0.44401864980834527
1408,2023-12-13 20:23:49.290826,20,2,2023,0.28241502276055686
1047,2023-12-12 20:23:49.290826,20,1,2023,0.5002209537414918
1600,2023-12-14 09:23:49.290826,9,3,2023,0.25738608668932705
1240,2023-12-13 09:23:49.290826,9,2,2023,0.499410102389489
2237,2023-12-16 04:23:49.290826,4,5,2023,0.4415714276756666
775,2023-12-12 02:23:49.290826,2,1,2023,0.47253883314171885
81,2023-12-10 04:23:49.290826,4,6,2023,0.26437038254519774
112,2023-12-10 06:23:49.290826,6,6,2023,0.4819591217762107
2099,2023-12-15 18:23:49.290826,18,4,2023,0.39037721042267026
1584,2023-12-14 08:23:49.290826,8,3,2023,0.3429340482323806
1493,2023-12-14 02:23:49.290826,2,3,2023,0.4706715518696013
528,2023-12-11 10:23:49.290826,10,0,2023,0.4896421778625635
1024,2023-12-12 19:23:49.290826,19,1,2023,0.3185451172100857
1079,2023-12-12 22:23:49.290826,22,1,2023,0.545476950542229
2156,2023-12-15 22:23:49.290826,22,4,2023,0.5502394499537661
713,2023-12-11 22:23:49.290826,22,0,2023,0.5151112766636674
56,2023-12-10 02:23:49.290826,2,6,2023,0.520262455769931
925,2023-12-12 12:23:49.290826,12,1,2023,0.5735059571034631
550,2023-12-11 11:23:49.290826,11,0,2023,0.5735059571034631
1085,2023-12-12 23:23:49.290826,23,1,2023,0.4361728881552741
1094,2023-12-12 23:23:49.290826,23,1,2023,0.39050317043372107
29,2023-12-10 00:23:49.290826,0,6,2023,0.23678804546064855
2018,2023-12-15 13:23:49.290826,13,4,2023,0.4829294845333144
942,2023-12-12 13:23:49.290826,13,1,2023,0.487082274278685
1513,2023-12-14 03:23:49.290826,3,3,2023,0.1871986628556833
1474,2023-12-14 01:23:49.290826,1,3,2023,0.42681430609261894
1859,2023-12-15 02:23:49.290826,2,4,2023,0.340292753652801
623,2023-12-11 16:23:49.290826,16,0,2023,0.7057685939651245
297,2023-12-10 18:23:49.290826,18,6,2023,0.5057764179681878
1152,2023-12-13 03:23:49.290826,3,2,2023,0.5098626944720979
2204,2023-12-16 01:23:49.290826,1,5,2023,0.545476950542229
804,2023-12-12 04:23:49.290826,4,1,2023,0.6022367587744766
896,2023-12-12 10:23:49.290826,10,1,2023,0.2825369269177751
1927,2023-12-15 07:23:49.290826,7,4,2023,0.3614809363453866
2113,2023-12-15 19:23:49.290826,19,4,2023,0.36361450528143135
315,2023-12-10 20:23:49.290826,20,6,2023,0.41496837107525597
707,2023-12-11 22:23:49.290826,22,0,2023,0.4675884472797921
1351,2023-12-13 17:23:49.290826,17,2,2023,0.46596389963420315
1217,2023-12-13 08:23:49.290826,8,2,2023,0.3579383513843415
146,2023-12-10 08:23:49.290826,8,6,2023,0.5372185403756099
1911,2023-12-15 06:23:49.290826,6,4,2023,0.48634501039547184
783,2023-12-12 03:23:49.290826,3,1,2023,0.3078033226699005
1239,2023-12-13 09:23:49.290826,9,2,2023,0.4297867039508483
950,2023-12-12 14:23:49.290826,14,1,2023,0.5073379325677376
624,2023-12-11 16:23:49.290826,16,0,2023,0.5139906473113989
1596,2023-12-14 09:23:49.290826,9,3,2023,0.49864508037601873
1382,2023-12-13 19:23:49.290826,19,2,2023,0.3571466439319657
1317,2023-12-13 14:23:49.290826,14,2,2023,0.487082274278685
240,2023-12-10 15:23:49.290826,15,6,2023,0.729690193591582
1826,2023-12-15 00:23:49.290826,0,4,2023,0.6201549110095184
1308,2023-12-13 14:23:49.290826,14,2,2023,0.5249140638683091
1780,2023-12-14 21:23:49.290826,21,3,2023,0.4729046008283647
748,2023-12-12 00:23:49.290826,0,1,2023,0.5921255791531761
2139,2023-12-15 21:23:49.290826,21,4,2023,0.42129964495229255
206,2023-12-10 12:23:49.290826,12,6,2023,0.7243525347914249
1352,2023-12-13 17:23:49.290826,17,2,2023,0.3049792668092426
628,2023-12-11 16:23:49.290826,16,0,2023,0.6024433753937022
600,2023-12-11 15:23:49.290826,15,0,2023,0.6104057866886666
717,2023-12-11 22:23:49.290826,22,0,2023,0.49143423820131904
1662,2023-12-14 13:23:49.290826,13,3,2023,0.6202232371424796
1389,2023-12-13 19:23:49.290826,19,2,2023,0.42129964495229255
1188,2023-12-13 06:23:49.290826,6,2,2023,0.28828038526470223
2076,2023-12-15 17:23:49.290826,17,4,2023,0.5359532693987472
2022,2023-12-15 13:23:49.290826,13,4,2023,0.2707655826874189
1076,2023-12-12 22:23:49.290826,22,1,2023,0.6201549110095184
360,2023-12-10 23:23:49.290826,23,6,2023,0.5604603243390647
581,2023-12-11 13:23:49.290826,13,0,2023,0.5295042608421858
1192,2023-12-13 06:23:49.290826,6,2,2023,0.5983649475070473
1966,2023-12-15 10:23:49.290826,10,4,2023,0.5934470009170313
1654,2023-12-14 13:23:49.290826,13,3,2023,0.49821544910053905
149,2023-12-10 08:23:49.290826,8,6,2023,0.5183596469798027
1195,2023-12-13 06:23:49.290826,6,2,2023,0.5078465660262748
1630,2023-12-14 11:23:49.290826,11,3,2023,0.2383146585365943
141,2023-12-10 08:23:49.290826,8,6,2023,0.5281727092591949
260,2023-12-10 16:23:49.290826,16,6,2023,0.523921431520237
367,2023-12-10 23:23:49.290826,23,6,2023,0.1780437410313748
2083,2023-12-15 17:23:49.290826,17,4,2023,0.5295060114905416
525,2023-12-11 10:23:49.290826,10,0,2023,0.4922132458342523
1243,2023-12-13 09:23:49.290826,9,2,2023,0.617999841724923
557,2023-12-11 12:23:49.290826,12,0,2023,0.3059451930846343
1337,2023-12-13 16:23:49.290826,16,2,2023,0.5913828298635675
1409,2023-12-13 20:23:49.290826,20,2,2023,0.7575840993163806
1840,2023-12-15 01:23:49.290826,1,4,2023,0.3409990616330323
1482,2023-12-14 01:23:49.290826,1,3,2023,0.4162121775889387
2131,2023-12-15 21:23:49.290826,21,4,2023,0.6354918568256558
377,2023-12-11 00:23:49.290826,0,0,2023,0.5482036254822696
1099,2023-12-13 00:23:49.290826,0,2,2023,0.42681430609261894
2140,2023-12-15 21:23:49.290826,21,4,2023,0.28100993609845726
1698,2023-12-14 16:23:49.290826,16,3,2023,0.4651080634839111
619,2023-12-11 16:23:49.290826,16,0,2023,0.2877038722044811
1388,2023-12-13 19:23:49.290826,19,2,2023,0.31250071386163414
1151,2023-12-13 03:23:49.290826,3,2,2023,0.29465380704517286
1626,2023-12-14 11:23:49.290826,11,3,2023,0.3172725381896835
1553,2023-12-14 06:23:49.290826,6,3,2023,0.5431271869150884
333,2023-12-10 21:23:49.290826,21,6,2023,0.6316397075094328
65,2023-12-10 03:23:49.290826,3,6,2023,0.4845502347992727
1674,2023-12-14 14:23:49.290826,14,3,2023,0.49590621923462586
1774,2023-12-14 21:23:49.290826,21,3,2023,0.3185451172100857
1724,2023-12-14 17:23:49.290826,17,3,2023,0.39037721042267026
1772,2023-12-14 21:23:49.290826,21,3,2023,0.6208671860994165
1220,2023-12-13 08:23:49.290826,8,2,2023,0.250599476311948
2248,2023-12-16 04:23:49.290826,4,5,2023,0.5921255791531761
540,2023-12-11 11:23:49.290826,11,0,2023,0.5150900576949704
1767,2023-12-14 20:23:49.290826,20,3,2023,0.2553039555440204
920,2023-12-12 12:23:49.290826,12,1,2023,0.33151301072368555
408,2023-12-11 02:23:49.290826,2,0,2023,0.3078033226699005
760,2023-12-12 01:23:49.290826,1,1,2023,0.3915774041610872
1594,2023-12-14 09:23:49.290826,9,3,2023,0.4016294976815239
2206,2023-12-16 02:23:49.290826,2,5,2023,0.330421955869435
1134,2023-12-13 02:23:49.290826,2,2,2023,0.5333842694288938
1481,2023-12-14 01:23:49.290826,1,3,2023,0.45429302724425014
966,2023-12-12 15:23:49.290826,15,1,2023,0.3479620147159861
1473,2023-12-14 01:23:49.290826,1,3,2023,0.35562778892638136
2097,2023-12-15 18:23:49.290826,18,4,2023,0.5536408482947078
970,2023-12-12 15:23:49.290826,15,1,2023,0.78318675253795
1438,2023-12-13 22:23:49.290826,22,2,2023,0.5715784669301963
1924,2023-12-15 07:23:49.290826,7,4,2023,0.20837713960484502
2092,2023-12-15 18:23:49.290826,18,4,2023,0.42351976720336215
1877,2023-12-15 04:23:49.290826,4,4,2023,0.5482036254822696
1519,2023-12-14 04:23:49.290826,4,3,2023,0.25781842968631763
1953,2023-12-15 09:23:49.290826,9,4,2023,0.46983770312582784
2210,2023-12-16 02:23:49.290826,2,5,2023,0.4361728881552741
1499,2023-12-14 02:23:49.290826,2,3,2023,0.7604243990311229
742,2023-12-12 00:23:49.290826,0,1,2023,0.4586777949213279
2073,2023-12-15 17:23:49.290826,17,4,2023,0.4651080634839111
806,2023-12-12 04:23:49.290826,4,1,2023,0.3386030748191363
1949,2023-12-15 08:23:49.290826,8,4,2023,0.08761239616893415
1100,2023-12-13 00:23:49.290826,0,2,2023,0.5007295589453393
1303,2023-12-13 13:23:49.290826,13,2,2023,0.41959557336541264
2121,2023-12-15 20:23:49.290826,20,4,2023,0.3899524224513964
1008,2023-12-12 18:23:49.290826,18,1,2023,0.5194653757561044
416,2023-12-11 02:23:49.290826,2,0,2023,0.4810595127925691
1845,2023-12-15 02:23:49.290826,2,4,2023,0.48961345502115483
2197,2023-12-16 01:23:49.290826,1,5,2023,0.3415628779555887
48,2023-12-10 02:23:49.290826,2,6,2023,0.31230829173998453
194,2023-12-10 11:23:49.290826,11,6,2023,0.3985977079941142
1882,2023-12-15 04:23:49.290826,4,4,2023,0.5650835537018235
1917,2023-12-15 06:23:49.290826,6,4,2023,0.4406004472602837
751,2023-12-12 01:23:49.290826,1,1,2023,0.4374123978508313
975,2023-12-12 16:23:49.290826,16,1,2023,0.6104057866886666
2040,2023-12-15 15:23:49.290826,15,4,2023,0.5150900576949704
1863,2023-12-15 03:23:49.290826,3,4,2023,0.5135296958875203
1723,2023-12-14 17:23:49.290826,17,3,2023,0.22956748481917386
1286,2023-12-13 12:23:49.290826,12,2,2023,0.5678534829136018
1947,2023-12-15 08:23:49.290826,8,4,2023,0.45185252738927684
1610,2023-12-14 10:23:49.290826,10,3,2023,0.18642463247137278
1033,2023-12-12 19:23:49.290826,19,1,2023,0.28241502276055686
314,2023-12-10 19:23:49.290826,19,6,2023,0.5843368449508819
1761,2023-12-14 20:23:49.290826,20,3,2023,0.4485117717002278
733,2023-12-11 23:23:49.290826,23,0,2023,0.5023944865865637
516,2023-12-11 09:23:49.290826,9,0,2023,0.6411630735901082
343,2023-12-10 21:23:49.290826,21,6,2023,0.5042871289464678
1002,2023-12-12 17:23:49.290826,17,1,2023,0.7560508064722194
1154,2023-12-13 03:23:49.290826,3,2,2023,0.4157843355571649
1556,2023-12-14 06:23:49.290826,6,3,2023,0.3386030748191363
537,2023-12-11 10:23:49.290826,10,0,2023,0.6202232371424796
1277,2023-12-13 12:23:49.290826,12,2,2023,0.36104356366651125
406,2023-12-11 02:23:49.290826,2,0,2023,0.7180076633954452
2228,2023-12-16 03:23:49.290826,3,5,2023,0.4343571071312484
2110,2023-12-15 19:23:49.290826,19,4,2023,0.5462626164531948
1744,2023-12-14 19:23:49.290826,19,3,2023,0.2877038722044811
647,2023-12-11 18:23:49.290826,18,0,2023,0.6208671860994165
298,2023-12-10 18:23:49.290826,18,6,2023,0.8109423230714773
912,2023-12-12 11:23:49.290826,11,1,2023,0.6202232371424796
2,2023-12-09 23:23:49.290826,23,5,2023,0.3565050737627463
914,2023-12-12 11:23:49.290826,11,1,2023,0.5927042800040043
1348,2023-12-13 16:23:49.290826,16,2,2023,0.22956748481917386
139,2023-12-10 08:23:49.290826,8,6,2023,0.734960583060446
1932,2023-12-15 07:23:49.290826,7,4,2023,0.41331483612870923
386,2023-12-11 00:23:49.290826,0,0,2023,0.3912514863236355
348,2023-12-10 22:23:49.290826,22,6,2023,0.45699897002883805
524,2023-12-11 09:23:49.290826,9,0,2023,0.49876692930625344
427,2023-12-11 03:23:49.290826,3,0,2023,0.3614809363453866
808,2023-12-12 04:23:49.290826,4,1,2023,0.5035990076570305
1205,2023-12-13 07:23:49.290826,7,2,2023,0.4259368410303601
1494,2023-12-14 02:23:49.290826,2,3,2023,0.3479359970463617
351,2023-12-10 22:23:49.290826,22,6,2023,0.3469713560125156
1725,2023-12-14 18:23:49.290826,18,3,2023,0.6104057866886666
1646,2023-12-14 12:23:49.290826,12,3,2023,0.2825369269177751
985,2023-12-12 16:23:49.290826,16,1,2023,0.5462626164531948
1447,2023-12-13 23:23:49.290826,23,2,2023,0.3415628779555887
1044,2023-12-12 20:23:49.290826,20,1,2023,0.5072291258986564
10,2023-12-09 23:23:49.290826,23,5,2023,0.7305449155260234
250,2023-12-10 15:23:49.290826,15,6,2023,0.2634341838472365
833,2023-12-12 06:23:49.290826,6,1,2023,0.3838451607860782
2233,2023-12-16 03:23:49.290826,3,5,2023,0.5023944865865637
1375,2023-12-13 18:23:49.290826,18,2,2023,0.27916319596178607
1544,2023-12-14 05:23:49.290826,5,3,2023,0.24848402033381703
758,2023-12-12 01:23:49.290826,1,1,2023,0.39072362714941655
863,2023-12-12 08:23:49.290826,8,1,2023,0.8041317159298621
684,2023-12-11 20:23:49.290826,20,0,2023,0.4284007877860202
1569,2023-12-14 07:23:49.290826,7,3,2023,0.36596391505171233
868,2023-12-12 08:23:49.290826,8,1,2023,0.617999841724923
2085,2023-12-15 18:23:49.290826,18,4,2023,0.5373778515795566
672,2023-12-11 19:23:49.290826,19,0,2023,0.5002209537414918
953,2023-12-12 14:23:49.290826,14,1,2023,0.6054510995268594
1943,2023-12-15 08:23:49.290826,8,4,2023,0.507880456578692
1327,2023-12-13 15:23:49.290826,15,2,2023,0.6095741888927183
937,2023-12-12 13:23:49.290826,13,1,2023,0.4466364462438075
1211,2023-12-13 07:23:49.290826,7,2,2023,0.5859416609668437
266,2023-12-10 16:23:49.290826,16,6,2023,0.1054407447178389
1456,2023-12-14 00:23:49.290826,0,3,2023,0.330421955869435
2177,2023-12-16 00:23:49.290826,0,5,2023,0.5622443758967164
2021,2023-12-15 13:23:49.290826,13,4,2023,0.2825369269177751
1038,2023-12-12 20:23:49.290826,20,1,2023,0.496512515980318
259,2023-12-10 16:23:49.290826,16,6,2023,0.5181897392913586
1184,2023-12-13 05:23:49.290826,5,2,2023,0.5944196732777295
2212,2023-12-16 02:23:49.290826,2,5,2023,0.41159881303760626
1511,2023-12-14 03:23:49.290826,3,3,2023,0.3912514863236355
1287,2023-12-13 12:23:49.290826,12,2,2023,0.6202232371424796
31,2023-12-10 01:23:49.290826,1,6,2023,0.41036759598755135
944,2023-12-12 13:23:49.290826,13,1,2023,0.4813150308303451
2194,2023-12-16 01:23:49.290826,1,5,2023,0.438557203058344
21,2023-12-10 00:23:49.290826,0,6,2023,0.6218588633197701
2190,2023-12-16 01:23:49.290826,1,5,2023,0.45986350710590485
1565,2023-12-14 07:23:49.290826,7,3,2023,0.6480840324822575
331,2023-12-10 21:23:49.290826,21,6,2023,0.3588346324286449
340,2023-12-10 21:23:49.290826,21,6,2023,0.6185098581447226
1890,2023-12-15 05:23:49.290826,5,4,2023,0.3776402949526235
1294,2023-12-13 13:23:49.290826,13,2,2023,0.350652887753265
945,2023-12-12 14:23:49.290826,14,1,2023,0.5112186802303001
555,2023-12-11 12:23:49.290826,12,0,2023,0.545099425599925
1540,2023-12-14 05:23:49.290826,5,3,2023,0.561000081199398
2176,2023-12-16 00:23:49.290826,0,5,2023,0.3779372345341302
1435,2023-12-13 22:23:49.290826,22,2,2023,0.42621745633038954
591,2023-12-11 14:23:49.290826,14,0,2023,0.3479620147159861
1644,2023-12-14 12:23:49.290826,12,3,2023,0.4935368919366284
9,2023-12-09 23:23:49.290826,23,5,2023,0.5507026794029308
1304,2023-12-13 13:23:49.290826,13,2,2023,0.8403492372792586
827,2023-12-12 06:23:49.290826,6,1,2023,0.4147533795551823
464,2023-12-11 05:23:49.290826,5,0,2023,0.5292550594908059
1903,2023-12-15 05:23:49.290826,5,4,2023,0.37223415356566214
1274,2023-12-13 11:23:49.290826,11,2,2023,0.49876692930625344
1552,2023-12-14 06:23:49.290826,6,3,2023,0.3614809363453866
1995,2023-12-15 12:23:49.290826,12,4,2023,0.5684099170764464
1575,2023-12-14 08:23:49.290826,8,3,2023,0.5727615610601582
934,2023-12-12 13:23:49.290826,13,1,2023,0.42540246012915095
1250,2023-12-13 10:23:49.290826,10,2,2023,0.7656785820649562
1651,2023-12-14 13:23:49.290826,13,3,2023,0.5057395180314679
286,2023-12-10 18:23:49.290826,18,6,2023,0.661442000508712
558,2023-12-11 12:23:49.290826,12,0,2023,0.5249140638683091
616,2023-12-11 16:23:49.290826,16,0,2023,0.4407289842030009
589,2023-12-11 14:23:49.290826,14,0,2023,0.4124610343543278
263,2023-12-10 16:23:49.290826,16,6,2023,0.6372690661083714
1627,2023-12-14 11:23:49.290826,11,3,2023,0.3770750001932798
1498,2023-12-14 02:23:49.290826,2,3,2023,0.5921255791531761
50,2023-12-10 02:23:49.290826,2,6,2023,0.6065180454087011
190,2023-12-10 11:23:49.290826,11,6,2023,0.2960613443041754
547,2023-12-11 11:23:49.290826,11,0,2023,0.44603413478884557
1385,2023-12-13 19:23:49.290826,19,2,2023,0.3262386876168769
509,2023-12-11 08:23:49.290826,8,0,2023,0.32729679849670557
1242,2023-12-13 09:23:49.290826,9,2,2023,0.29216093093689965
376,2023-12-11 00:23:49.290826,0,0,2023,0.4374123978508313
711,2023-12-11 22:23:49.290826,22,0,2023,0.3405371499095783
477,2023-12-11 06:23:49.290826,6,0,2023,0.4085922330560303
59,2023-12-10 02:23:49.290826,2,6,2023,0.4059494006261717
582,2023-12-11 13:23:49.290826,13,0,2023,0.5293281519470108
1632,2023-12-14 11:23:49.290826,11,3,2023,0.3071559043548151
508,2023-12-11 08:23:49.290826,8,0,2023,0.5236623037792679
1891,2023-12-15 05:23:49.290826,5,4,2023,0.3141297698109832
37,2023-12-10 01:23:49.290826,1,6,2023,0.6369091444713799
1944,2023-12-15 08:23:49.290826,8,4,2023,0.36596391505171233
1883,2023-12-15 04:23:49.290826,4,4,2023,0.39072362714941655
798,2023-12-12 04:23:49.290826,4,1,2023,0.5053406005808113
1503,2023-12-14 03:23:49.290826,3,3,2023,0.6715954301885616
1056,2023-12-12 21:23:49.290826,21,1,2023,0.6370077503094874
1005,2023-12-12 18:23:49.290826,18,1,2023,0.38864303941836476
1682,2023-12-14 15:23:49.290826,15,3,2023,0.3059451930846343
1065,2023-12-12 22:23:49.290826,22,1,2023,0.45986350710590485
53,2023-12-10 02:23:49.290826,2,6,2023,0.7051672243405278
1030,2023-12-12 19:23:49.290826,19,1,2023,0.4729046008283647
2109,2023-12-15 19:23:49.290826,19,4,2023,0.759122119681115
1537,2023-12-14 05:23:49.290826,5,3,2023,0.18065934979277934
169,2023-12-10 10:23:49.290826,10,6,2023,0.206548608335642
1707,2023-12-14 16:23:49.290826,16,3,2023,0.5293281519470108
2221,2023-12-16 03:23:49.290826,3,5,2023,0.2527746397145645
1235,2023-12-13 09:23:49.290826,9,2,2023,0.18642463247137278
639,2023-12-11 17:23:49.290826,17,0,2023,0.42129964495229255
424,2023-12-11 03:23:49.290826,3,0,2023,0.20837713960484502
2143,2023-12-15 21:23:49.290826,21,4,2023,0.3948721898909987
103,2023-12-10 05:23:49.290826,5,6,2023,0.5214880271527085
501,2023-12-11 08:23:49.290826,8,0,2023,0.3172725381896835
2020,2023-12-15 13:23:49.290826,13,4,2023,0.5671117669800788
230,2023-12-10 14:23:49.290826,14,6,2023,0.38427535883632136
371,2023-12-10 23:23:49.290826,23,6,2023,0.3392930210466236
2145,2023-12-15 22:23:49.290826,22,4,2023,0.6600706795799449
1252,2023-12-13 10:23:49.290826,10,2,2023,0.3770750001932798
1412,2023-12-13 21:23:49.290826,21,2,2023,0.5398343921298504
60,2023-12-10 03:23:49.290826,3,6,2023,0.5156067072254272
1373,2023-12-13 18:23:49.290826,18,2,2023,0.7057685939651245
1361,2023-12-13 17:23:49.290826,17,2,2023,0.1714300752552261
737,2023-12-12 00:23:49.290826,0,1,2023,0.4415714276756666
1328,2023-12-13 15:23:49.290826,15,2,2023,0.6054510995268594
964,2023-12-12 15:23:49.290826,15,1,2023,0.4124610343543278
1822,2023-12-15 00:23:49.290826,0,4,2023,0.3415628779555887
1014,2023-12-12 18:23:49.290826,18,1,2023,0.42129964495229255
1996,2023-12-15 12:23:49.290826,12,4,2023,0.32871162526487396
388,2023-12-11 00:23:49.290826,0,0,2023,0.1871986628556833
940,2023-12-12 13:23:49.290826,13,1,2023,0.39396008579788644
2067,2023-12-15 16:23:49.290826,16,4,2023,0.487082274278685
642,2023-12-11 17:23:49.290826,17,0,2023,0.2553039555440204
539,2023-12-11 10:23:49.290826,10,0,2023,0.5927042800040043
127,2023-12-10 07:23:49.290826,7,6,2023,0.4868680490533569
134,2023-12-10 07:23:49.290826,7,6,2023,0.4765052573849381
1958,2023-12-15 09:23:49.290826,9,4,2023,0.3838451607860782
951,2023-12-12 14:23:49.290826,14,1,2023,0.5359532693987472
399,2023-12-11 01:23:49.290826,1,0,2023,0.38016423175371883
1423,2023-12-13 21:23:49.290826,21,2,2023,0.5714871901796458
79,2023-12-10 04:23:49.290826,4,6,2023,0.6541954821187028
1539,2023-12-14 05:23:49.290826,5,3,2023,0.4846531072218132
2236,2023-12-16 04:23:49.290826,4,5,2023,0.6729640597621248
1532,2023-12-14 05:23:49.290826,5,3,2023,0.4550000912534423
1504,2023-12-14 03:23:49.290826,3,3,2023,0.4238954695512579
577,2023-12-11 13:23:49.290826,13,0,2023,0.6095741888927183
632,2023-12-11 17:23:49.290826,17,0,2023,0.3571466439319657
1830,2023-12-15 01:23:49.290826,1,4,2023,0.45517636022681784
1142,2023-12-13 03:23:49.290826,3,2,2023,0.5012003465895105
1318,2023-12-13 14:23:49.290826,14,2,2023,0.2812981238049461
413,2023-12-11 02:23:49.290826,2,0,2023,0.2696760088097523
1141,2023-12-13 03:23:49.290826,3,2,2023,0.3141297698109832
905,2023-12-12 11:23:49.290826,11,1,2023,0.35620472773391854
842,2023-12-12 07:23:49.290826,7,1,2023,0.3579383513843415
609,2023-12-11 15:23:49.290826,15,0,2023,0.759122119681115
363,2023-12-10 23:23:49.290826,23,6,2023,0.6253215299012683
1852,2023-12-15 02:23:49.290826,2,4,2023,0.5778020353652756
599,2023-12-11 14:23:49.290826,14,0,2023,0.39037721042267026
1159,2023-12-13 04:23:49.290826,4,2,2023,0.5728521175633792
1759,2023-12-14 20:23:49.290826,20,3,2023,0.5660984008209472
838,2023-12-12 06:23:49.290826,6,1,2023,0.38222548396239053
119,2023-12-10 06:23:49.290826,6,6,2023,0.21970804945669323
650,2023-12-11 18:23:49.290826,18,0,2023,0.5220427720248852
1872,2023-12-15 03:23:49.290826,3,4,2023,0.6614620413442264
921,2023-12-12 12:23:49.290826,12,1,2023,0.34190265786330387
304,2023-12-10 19:23:49.290826,19,6,2023,0.2737596978748167
25,2023-12-10 00:23:49.290826,0,6,2023,0.3354334172578417
2032,2023-12-15 14:23:49.290826,14,4,2023,0.5236962043031255
1703,2023-12-14 16:23:49.290826,16,3,2023,0.6054510995268594
1356,2023-12-13 17:23:49.290826,17,2,2023,0.4874156328692627
1716,2023-12-14 17:23:49.290826,17,3,2023,0.3479620147159861
1299,2023-12-13 13:23:49.290826,13,2,2023,0.49590621923462586
2165,2023-12-15 23:23:49.290826,23,4,2023,0.4275649266497452
1585,2023-12-14 08:23:49.290826,8,3,2023,0.3861729275482594
1364,2023-12-13 17:23:49.290826,17,2,2023,0.5770653157053905
705,2023-12-11 22:23:49.290826,22,0,2023,0.45517636022681784
906,2023-12-12 11:23:49.290826,11,1,2023,0.7199101625299765
2170,2023-12-15 23:23:49.290826,23,4,2023,0.3592272575196368
1904,2023-12-15 05:23:49.290826,5,4,2023,0.4157843355571649
2033,2023-12-15 14:23:49.290826,14,4,2023,0.28897155071243064
781,2023-12-12 03:23:49.290826,3,1,2023,0.7180076633954452
631,2023-12-11 17:23:49.290826,17,0,2023,0.6354918568256558
866,2023-12-12 08:23:49.290826,8,1,2023,0.4520095995049195
1652,2023-12-14 13:23:49.290826,13,3,2023,0.36104356366651125
1347,2023-12-13 16:23:49.290826,16,2,2023,0.5536408482947078
1075,2023-12-12 22:23:49.290826,22,1,2023,0.28574556828261
643,2023-12-11 17:23:49.290826,17,0,2023,0.3948721898909987
605,2023-12-11 15:23:49.290826,15,0,2023,0.3539471556546271
1756,2023-12-14 20:23:49.290826,20,3,2023,0.6354918568256558
1477,2023-12-14 01:23:49.290826,1,3,2023,0.5778020353652756
354,2023-12-10 22:23:49.290826,22,6,2023,0.3983724327560203
482,2023-12-11 07:23:49.290826,7,0,2023,0.48151194191166746
2172,2023-12-15 23:23:49.290826,23,4,2023,0.5002209537414918
667,2023-12-11 19:23:49.290826,19,0,2023,0.37382337471491944
208,2023-12-10 12:23:49.290826,12,6,2023,0.6011839141816272
22,2023-12-10 00:23:49.290826,0,6,2023,0.4758337177470976
553,2023-12-11 11:23:49.290826,11,0,2023,0.41959557336541264
626,2023-12-11 16:23:49.290826,16,0,2023,0.5862884088887702
2034,2023-12-15 14:23:49.290826,14,4,2023,0.5494532832204051
1450,2023-12-13 23:23:49.290826,23,2,2023,0.28574556828261
229,2023-12-10 14:23:49.290826,14,6,2023,0.3144445288712526
1874,2023-12-15 03:23:49.290826,3,4,2023,0.7604243990311229
1990,2023-12-15 11:23:49.290826,11,4,2023,0.499410102389489
1516,2023-12-14 04:23:49.290826,4,3,2023,0.3141297698109832
1778,2023-12-14 21:23:49.290826,21,3,2023,0.46674231333659055
1571,2023-12-14 07:23:49.290826,7,3,2023,0.6737108393415698
938,2023-12-12 13:23:49.290826,13,1,2023,0.33753510243479456
1702,2023-12-14 16:23:49.290826,16,3,2023,0.6095741888927183
1,2023-12-09 23:23:49.290826,23,5,2023,0.33270360761632267
1509,2023-12-14 03:23:49.290826,3,3,2023,0.5333842694288938
1889,2023-12-15 04:23:49.290826,4,4,2023,0.2137510230462398
1976,2023-12-15 10:23:49.290826,10,4,2023,0.39760677787085696
2184,2023-12-16 00:23:49.290826,0,5,2023,0.4284007877860202
1660,2023-12-14 13:23:49.290826,13,3,2023,0.31950747722501305
1617,2023-12-14 10:23:49.290826,10,3,2023,0.29216093093689965
741,2023-12-12 00:23:49.290826,0,1,2023,0.4884917385200531
19,2023-12-10 00:23:49.290826,0,6,2023,0.32774085462714
1925,2023-12-15 07:23:49.290826,7,4,2023,0.5025869604069414
1714,2023-12-14 17:23:49.290826,17,3,2023,0.4124610343543278
1821,2023-12-15 00:23:49.290826,0,4,2023,0.5407985618619788
1197,2023-12-13 06:23:49.290826,6,2,2023,0.45185252738927684
2157,2023-12-15 22:23:49.290826,22,4,2023,0.6804743377328555
1371,2023-12-13 18:23:49.290826,18,2,2023,0.3899524224513964
319,2023-12-10 20:23:49.290826,20,6,2023,0.27786954838783373
130,2023-12-10 07:23:49.290826,7,6,2023,0.3774063001554887
1368,2023-12-13 18:23:49.290826,18,2,2023,0.5789432211987212
1136,2023-12-13 02:23:49.290826,2,2,2023,0.3912514863236355
837,2023-12-12 06:23:49.290826,6,1,2023,0.5032448601862134
552,2023-12-11 11:23:49.290826,11,0,2023,0.661799011989319
1523,2023-12-14 04:23:49.290826,4,3,2023,0.2560642026029597
1363,2023-12-13 17:23:49.290826,17,2,2023,0.36361450528143135
2108,2023-12-15 19:23:49.290826,19,4,2023,0.365050383325061
296,2023-12-10 18:23:49.290826,18,6,2023,0.23589063864179985
74,2023-12-10 03:23:49.290826,3,6,2023,0.5745727852027406
494,2023-12-11 07:23:49.290826,7,0,2023,0.562898369176701
586,2023-12-11 14:23:49.290826,14,0,2023,0.6169768398175937
261,2023-12-10 16:23:49.290826,16,6,2023,0.3447576367698185
396,2023-12-11 01:23:49.290826,1,0,2023,0.4250763372729327
365,2023-12-10 23:23:49.290826,23,6,2023,0.26337865753459355
1229,2023-12-13 08:23:49.290826,8,2,2023,0.4341672027155966
559,2023-12-11 12:23:49.290826,12,0,2023,0.42540246012915095
1657,2023-12-14 13:23:49.290826,13,3,2023,0.5236962043031255
8,2023-12-09 23:23:49.290826,23,5,2023,0.6222194689713755
335,2023-12-10 21:23:49.290826,21,6,2023,0.6075059746412984
1064,2023-12-12 21:23:49.290826,21,1,2023,0.640928516583855
2147,2023-12-15 22:23:49.290826,22,4,2023,0.6208671860994165
1139,2023-12-13 02:23:49.290826,2,2,2023,0.2137510230462398
308,2023-12-10 19:23:49.290826,19,6,2023,0.6252974755748892
2017,2023-12-15 13:23:49.290826,13,4,2023,0.23030509935129942
1945,2023-12-15 08:23:49.290826,8,4,2023,0.5078465660262748
2127,2023-12-15 20:23:49.290826,20,4,2023,0.7560508064722194
597,2023-12-11 14:23:49.290826,14,0,2023,0.5536408482947078
1760,2023-12-14 20:23:49.290826,20,3,2023,0.3262386876168769
1669,2023-12-14 14:23:49.290826,14,3,2023,0.350652887753265
2045,2023-12-15 15:23:49.290826,15,4,2023,0.33151301072368555
1405,2023-12-13 20:23:49.290826,20,2,2023,0.4729046008283647
987,2023-12-12 16:23:49.290826,16,1,2023,0.4831861037237828
2152,2023-12-15 22:23:49.290826,22,4,2023,0.3722936140716582
329,2023-12-10 20:23:49.290826,20,6,2023,0.46694694614743715
1153,2023-12-13 03:23:49.290826,3,2,2023,0.37223415356566214
961,2023-12-12 15:23:49.290826,15,1,2023,0.6169768398175937
719,2023-12-11 22:23:49.290826,22,0,2023,0.39050317043372107
378,2023-12-11 00:23:49.290826,0,0,2023,0.6715954301885616
85,2023-12-10 04:23:49.290826,4,6,2023,0.5564345791527938
1721,2023-12-14 17:23:49.290826,17,3,2023,0.19368513870154344
2009,2023-12-15 12:23:49.290826,12,4,2023,0.32729679849670557
