,Timestamp,hour_of_day,day_of_week,year,Reading
416,2023-12-11 02:23:49.290826,2,0,2023,0.4810595127925691
1803,2023-12-14 23:23:49.290826,23,3,2023,0.5429430843463445
1571,2023-12-14 07:23:49.290826,7,3,2023,0.6737108393415698
1223,2023-12-13 08:23:49.290826,8,2,2023,0.45762353140680023
1451,2023-12-13 23:23:49.290826,23,2,2023,0.6201549110095184
1598,2023-12-14 09:23:49.290826,9,3,2023,0.45762353140680023
1197,2023-12-13 06:23:49.290826,6,2,2023,0.45185252738927684
970,2023-12-12 15:23:49.290826,15,1,2023,0.78318675253795
365,2023-12-10 23:23:49.290826,23,6,2023,0.26337865753459355
749,2023-12-12 00:23:49.290826,0,1,2023,0.7604243990311229
1525,2023-12-14 04:23:49.290826,4,3,2023,0.47253883314171885
1387,2023-12-13 19:23:49.290826,19,2,2023,0.0
1669,2023-12-14 14:23:49.290826,14,3,2023,0.350652887753265
789,2023-12-12 03:23:49.290826,3,1,2023,0.4846531072218132
1799,2023-12-14 22:23:49.290826,22,3,2023,0.5456578545274079
525,2023-12-11 10:23:49.290826,10,0,2023,0.4922132458342523
1054,2023-12-12 21:23:49.290826,21,1,2023,0.4539563401332495
893,2023-12-12 10:23:49.290826,10,1,2023,0.4829294845333144
965,2023-12-12 15:23:49.290826,15,1,2023,0.5638902198908596
1756,2023-12-14 20:23:49.290826,20,3,2023,0.6354918568256558
1245,2023-12-13 10:23:49.290826,10,2,2023,0.5684099170764464
1773,2023-12-14 21:23:49.290826,21,3,2023,0.4583452124359757
812,2023-12-12 05:23:49.290826,5,1,2023,0.30094907216741396
709,2023-12-11 22:23:49.290826,22,0,2023,0.5943597079866773
1473,2023-12-14 01:23:49.290826,1,3,2023,0.35562778892638136
1834,2023-12-15 01:23:49.290826,1,4,2023,0.5943597079866773
1793,2023-12-14 22:23:49.290826,22,3,2023,0.5766662124855059
723,2023-12-11 23:23:49.290826,23,0,2023,0.35562778892638136
1786,2023-12-14 22:23:49.290826,22,3,2023,0.43550644971254837
1623,2023-12-14 11:23:49.290826,11,3,2023,0.259291877708009
886,2023-12-12 10:23:49.290826,10,1,2023,0.3464920288804231
1545,2023-12-14 06:23:49.290826,6,3,2023,0.3554304408332002
819,2023-12-12 05:23:49.290826,5,1,2023,0.36596391505171233
333,2023-12-10 21:23:49.290826,21,6,2023,0.6316397075094328
1467,2023-12-14 00:23:49.290826,0,3,2023,0.49143423820131904
649,2023-12-11 18:23:49.290826,18,0,2023,0.3185451172100857
1413,2023-12-13 21:23:49.290826,21,2,2023,0.496512515980318
497,2023-12-11 08:23:49.290826,8,0,2023,0.6546465205057475
1534,2023-12-14 05:23:49.290826,5,3,2023,0.5728521175633792
1211,2023-12-13 07:23:49.290826,7,2,2023,0.5859416609668437
9,2023-12-09 23:23:49.290826,23,5,2023,0.5507026794029308
50,2023-12-10 02:23:49.290826,2,6,2023,0.6065180454087011
591,2023-12-11 14:23:49.290826,14,0,2023,0.3479620147159861
1179,2023-12-13 05:23:49.290826,5,2,2023,0.6022367587744766
616,2023-12-11 16:23:49.290826,16,0,2023,0.4407289842030009
1733,2023-12-14 18:23:49.290826,18,3,2023,0.365050383325061
1078,2023-12-12 22:23:49.290826,22,1,2023,0.5448812791426477
732,2023-12-11 23:23:49.290826,23,0,2023,0.4162121775889387
964,2023-12-12 15:23:49.290826,15,1,2023,0.4124610343543278
1428,2023-12-13 22:23:49.290826,22,2,2023,0.5429430843463445
942,2023-12-12 13:23:49.290826,13,1,2023,0.487082274278685
1864,2023-12-15 03:23:49.290826,3,4,2023,0.5541883253142666
1028,2023-12-12 19:23:49.290826,19,1,2023,0.46674231333659055
1109,2023-12-13 00:23:49.290826,0,2,2023,0.340292753652801
1750,2023-12-14 19:23:49.290826,19,3,2023,0.27916319596178607
869,2023-12-12 08:23:49.290826,8,1,2023,0.562898369176701
1241,2023-12-13 09:23:49.290826,9,2,2023,0.4520095995049195
636,2023-12-11 17:23:49.290826,17,0,2023,0.4485117717002278
1257,2023-12-13 10:23:49.290826,10,2,2023,0.3071559043548151
816,2023-12-12 05:23:49.290826,5,1,2023,0.44675186648788645
889,2023-12-12 10:23:49.290826,10,1,2023,0.2833948907530337
1124,2023-12-13 01:23:49.290826,1,2,2023,0.7604243990311229
1791,2023-12-14 22:23:49.290826,22,3,2023,0.3874072255985751
1531,2023-12-14 05:23:49.290826,5,3,2023,0.7180076633954452
31,2023-12-10 01:23:49.290826,1,6,2023,0.41036759598755135
896,2023-12-12 10:23:49.290826,10,1,2023,0.2825369269177751
1096,2023-12-13 00:23:49.290826,0,2,2023,0.2527746397145645
1339,2023-12-13 16:23:49.290826,16,2,2023,0.4124610343543278
1808,2023-12-14 23:23:49.290826,23,3,2023,0.5340238716747276
751,2023-12-12 01:23:49.290826,1,1,2023,0.4374123978508313
1415,2023-12-13 21:23:49.290826,21,2,2023,0.4275649266497452
628,2023-12-11 16:23:49.290826,16,0,2023,0.6024433753937022
522,2023-12-11 09:23:49.290826,9,0,2023,0.2707655826874189
1355,2023-12-13 17:23:49.290826,17,2,2023,0.3539471556546271
1164,2023-12-13 04:23:49.290826,4,2,2023,0.4846531072218132
947,2023-12-12 14:23:49.290826,14,1,2023,0.47857245638539436
1828,2023-12-15 00:23:49.290826,0,4,2023,0.5448812791426477
495,2023-12-11 08:23:49.290826,8,0,2023,0.5684099170764464
25,2023-12-10 00:23:49.290826,0,6,2023,0.3354334172578417
1746,2023-12-14 19:23:49.290826,19,3,2023,0.3899524224513964
1572,2023-12-14 07:23:49.290826,7,3,2023,0.45185252738927684
1191,2023-12-13 06:23:49.290826,6,2,2023,0.44675186648788645
1563,2023-12-14 07:23:49.290826,7,3,2023,0.28828038526470223
190,2023-12-10 11:23:49.290826,11,6,2023,0.2960613443041754
127,2023-12-10 07:23:49.290826,7,6,2023,0.4868680490533569
1486,2023-12-14 02:23:49.290826,2,3,2023,0.6729640597621248
937,2023-12-12 13:23:49.290826,13,1,2023,0.4466364462438075
1178,2023-12-13 05:23:49.290826,5,2,2023,0.5431271869150884
1794,2023-12-14 22:23:49.290826,22,3,2023,0.5072291258986564
1424,2023-12-13 21:23:49.290826,21,2,2023,0.5456578545274079
85,2023-12-10 04:23:49.290826,4,6,2023,0.5564345791527938
972,2023-12-12 15:23:49.290826,15,1,2023,0.5536408482947078
1145,2023-12-13 03:23:49.290826,3,2,2023,0.6635067500441616
1285,2023-12-13 12:23:49.290826,12,2,2023,0.31950747722501305
1597,2023-12-14 09:23:49.290826,9,3,2023,0.4937021693717456
578,2023-12-11 13:23:49.290826,13,0,2023,0.6054510995268594
733,2023-12-11 23:23:49.290826,23,0,2023,0.5023944865865637
1041,2023-12-12 20:23:49.290826,20,1,2023,0.3874072255985751
1656,2023-12-14 13:23:49.290826,13,3,2023,0.7199101625299765
1835,2023-12-15 01:23:49.290826,1,4,2023,0.4361728881552741
1181,2023-12-13 05:23:49.290826,5,2,2023,0.3386030748191363
705,2023-12-11 22:23:49.290826,22,0,2023,0.45517636022681784
1189,2023-12-13 06:23:49.290826,6,2,2023,0.571439784414183
1561,2023-12-14 07:23:49.290826,7,3,2023,0.43073144446705447
1446,2023-12-13 23:23:49.290826,23,2,2023,0.5407985618619788
1437,2023-12-13 22:23:49.290826,22,2,2023,0.573256887419332
1141,2023-12-13 03:23:49.290826,3,2,2023,0.3141297698109832
1004,2023-12-12 17:23:49.290826,17,1,2023,0.2427259173849309
1782,2023-12-14 21:23:49.290826,21,3,2023,0.6804743377328555
1238,2023-12-13 09:23:49.290826,9,2,2023,0.8041317159298621
387,2023-12-11 00:23:49.290826,0,0,2023,0.4910107394646577
683,2023-12-11 20:23:49.290826,20,0,2023,0.5340238716747276
1513,2023-12-14 03:23:49.290826,3,3,2023,0.1871986628556833
482,2023-12-11 07:23:49.290826,7,0,2023,0.48151194191166746
1488,2023-12-14 02:23:49.290826,2,3,2023,0.5135296958875203
685,2023-12-11 20:23:49.290826,20,0,2023,0.42621745633038954
741,2023-12-12 00:23:49.290826,0,1,2023,0.4884917385200531
764,2023-12-12 01:23:49.290826,1,1,2023,0.2137510230462398
537,2023-12-11 10:23:49.290826,10,0,2023,0.6202232371424796
944,2023-12-12 13:23:49.290826,13,1,2023,0.4813150308303451
1869,2023-12-15 03:23:49.290826,3,4,2023,0.3479359970463617
643,2023-12-11 17:23:49.290826,17,0,2023,0.3948721898909987
1732,2023-12-14 18:23:49.290826,18,3,2023,0.46332671577809303
1377,2023-12-13 18:23:49.290826,18,2,2023,0.7560508064722194
1617,2023-12-14 10:23:49.290826,10,3,2023,0.29216093093689965
335,2023-12-10 21:23:49.290826,21,6,2023,0.6075059746412984
1775,2023-12-14 21:23:49.290826,21,3,2023,0.5220427720248852
586,2023-12-11 14:23:49.290826,14,0,2023,0.6169768398175937
528,2023-12-11 10:23:49.290826,10,0,2023,0.4896421778625635
665,2023-12-11 19:23:49.290826,19,0,2023,0.4275649266497452
731,2023-12-11 23:23:49.290826,23,0,2023,0.45429302724425014
1205,2023-12-13 07:23:49.290826,7,2,2023,0.4259368410303601
22,2023-12-10 00:23:49.290826,0,6,2023,0.4758337177470976
1375,2023-12-13 18:23:49.290826,18,2,2023,0.27916319596178607
1802,2023-12-14 23:23:49.290826,23,3,2023,0.5622443758967164
378,2023-12-11 00:23:49.290826,0,0,2023,0.6715954301885616
1490,2023-12-14 02:23:49.290826,2,3,2023,0.40034498679124686
79,2023-12-10 04:23:49.290826,4,6,2023,0.6541954821187028
259,2023-12-10 16:23:49.290826,16,6,2023,0.5181897392913586
861,2023-12-12 08:23:49.290826,8,1,2023,0.4531652092606643
532,2023-12-11 10:23:49.290826,10,0,2023,0.5236962043031255
1704,2023-12-14 16:23:49.290826,16,3,2023,0.26270063141832245
48,2023-12-10 02:23:49.290826,2,6,2023,0.31230829173998453
1853,2023-12-15 02:23:49.290826,2,4,2023,0.4343571071312484
925,2023-12-12 12:23:49.290826,12,1,2023,0.5735059571034631
1277,2023-12-13 12:23:49.290826,12,2,2023,0.36104356366651125
15,2023-12-10 00:23:49.290826,0,6,2023,0.42650129704246675
1831,2023-12-15 01:23:49.290826,1,4,2023,0.330421955869435
1174,2023-12-13 05:23:49.290826,5,2,2023,0.20837713960484502
1593,2023-12-14 09:23:49.290826,9,3,2023,0.41071407861707154
1336,2023-12-13 16:23:49.290826,16,2,2023,0.6169768398175937
1055,2023-12-12 21:23:49.290826,21,1,2023,0.4734416798649488
1495,2023-12-14 02:23:49.290826,2,3,2023,0.46035777454375626
489,2023-12-11 07:23:49.290826,7,0,2023,0.4297867039508483
1140,2023-12-13 03:23:49.290826,3,2,2023,0.3776402949526235
388,2023-12-11 00:23:49.290826,0,0,2023,0.1871986628556833
35,2023-12-10 01:23:49.290826,1,6,2023,0.6568648792322503
664,2023-12-11 19:23:49.290826,19,0,2023,0.3691243659228668
650,2023-12-11 18:23:49.290826,18,0,2023,0.5220427720248852
1134,2023-12-13 02:23:49.290826,2,2,2023,0.5333842694288938
1079,2023-12-12 22:23:49.290826,22,1,2023,0.545476950542229
146,2023-12-10 08:23:49.290826,8,6,2023,0.5372185403756099
1537,2023-12-14 05:23:49.290826,5,3,2023,0.18065934979277934
193,2023-12-10 11:23:49.290826,11,6,2023,0.40225090132547503
966,2023-12-12 15:23:49.290826,15,1,2023,0.3479620147159861
348,2023-12-10 22:23:49.290826,22,6,2023,0.45699897002883805
993,2023-12-12 17:23:49.290826,17,1,2023,0.5789432211987212
1622,2023-12-14 11:23:49.290826,11,3,2023,0.6546465205057475
296,2023-12-10 18:23:49.290826,18,6,2023,0.23589063864179985
314,2023-12-10 19:23:49.290826,19,6,2023,0.5843368449508819
959,2023-12-12 14:23:49.290826,14,1,2023,1.0
1115,2023-12-13 01:23:49.290826,1,2,2023,0.40034498679124686
1370,2023-12-13 18:23:49.290826,18,2,2023,0.4097500117478242
1213,2023-12-13 07:23:49.290826,7,2,2023,0.38222548396239053
396,2023-12-11 01:23:49.290826,1,0,2023,0.4250763372729327
619,2023-12-11 16:23:49.290826,16,0,2023,0.2877038722044811
679,2023-12-11 20:23:49.290826,20,0,2023,0.4539563401332495
457,2023-12-11 05:23:49.290826,5,0,2023,0.665232895778346
109,2023-12-10 06:23:49.290826,6,6,2023,0.3569561319169573
1698,2023-12-14 16:23:49.290826,16,3,2023,0.4651080634839111
994,2023-12-12 17:23:49.290826,17,1,2023,0.2877038722044811
667,2023-12-11 19:23:49.290826,19,0,2023,0.37382337471491944
1646,2023-12-14 12:23:49.290826,12,3,2023,0.2825369269177751
1113,2023-12-13 01:23:49.290826,1,2,2023,0.5135296958875203
1541,2023-12-14 05:23:49.290826,5,3,2023,0.4810595127925691
206,2023-12-10 12:23:49.290826,12,6,2023,0.7243525347914249
535,2023-12-11 10:23:49.290826,10,0,2023,0.31950747722501305
1184,2023-12-13 05:23:49.290826,5,2,2023,0.5944196732777295
1644,2023-12-14 12:23:49.290826,12,3,2023,0.4935368919366284
1776,2023-12-14 21:23:49.290826,21,3,2023,0.4849630113755643
1249,2023-12-13 10:23:49.290826,10,2,2023,0.539628568486635
539,2023-12-11 10:23:49.290826,10,0,2023,0.5927042800040043
662,2023-12-11 19:23:49.290826,19,0,2023,0.5398343921298504
969,2023-12-12 15:23:49.290826,15,1,2023,0.46844404104819104
112,2023-12-10 06:23:49.290826,6,6,2023,0.4819591217762107
1504,2023-12-14 03:23:49.290826,3,3,2023,0.4238954695512579
215,2023-12-10 13:23:49.290826,13,6,2023,0.44401864980834527
81,2023-12-10 04:23:49.290826,4,6,2023,0.26437038254519774
1450,2023-12-13 23:23:49.290826,23,2,2023,0.28574556828261
1714,2023-12-14 17:23:49.290826,17,3,2023,0.4124610343543278
758,2023-12-12 01:23:49.290826,1,1,2023,0.39072362714941655
10,2023-12-09 23:23:49.290826,23,5,2023,0.7305449155260234
208,2023-12-10 12:23:49.290826,12,6,2023,0.6011839141816272
1471,2023-12-14 01:23:49.290826,1,3,2023,0.2527746397145645
415,2023-12-11 02:23:49.290826,2,0,2023,0.561000081199398
1465,2023-12-14 00:23:49.290826,0,3,2023,0.3409990616330323
783,2023-12-12 03:23:49.290826,3,1,2023,0.3078033226699005
1318,2023-12-13 14:23:49.290826,14,2,2023,0.2812981238049461
1629,2023-12-14 11:23:49.290826,11,3,2023,0.3859306649580516
11,2023-12-09 23:23:49.290826,23,5,2023,0.3330905909732501
600,2023-12-11 15:23:49.290826,15,0,2023,0.6104057866886666
1809,2023-12-14 23:23:49.290826,23,3,2023,0.4284007877860202
1559,2023-12-14 06:23:49.290826,6,3,2023,0.5944196732777295
377,2023-12-11 00:23:49.290826,0,0,2023,0.5482036254822696
1299,2023-12-13 13:23:49.290826,13,2,2023,0.49590621923462586
37,2023-12-10 01:23:49.290826,1,6,2023,0.6369091444713799
599,2023-12-11 14:23:49.290826,14,0,2023,0.39037721042267026
1397,2023-12-13 20:23:49.290826,20,2,2023,0.6208671860994165
642,2023-12-11 17:23:49.290826,17,0,2023,0.2553039555440204
1485,2023-12-14 02:23:49.290826,2,3,2023,0.5301119924101472
60,2023-12-10 03:23:49.290826,3,6,2023,0.5156067072254272
726,2023-12-11 23:23:49.290826,23,0,2023,0.6648751528673981
999,2023-12-12 17:23:49.290826,17,1,2023,0.5139906473113989
1769,2023-12-14 20:23:49.290826,20,3,2023,0.4753324602692557
750,2023-12-12 01:23:49.290826,1,1,2023,0.5269216393004287
1685,2023-12-14 15:23:49.290826,15,3,2023,0.557551238524466
56,2023-12-10 02:23:49.290826,2,6,2023,0.520262455769931
934,2023-12-12 13:23:49.290826,13,1,2023,0.42540246012915095
1514,2023-12-14 03:23:49.290826,3,3,2023,0.2137510230462398
1350,2023-12-13 17:23:49.290826,17,2,2023,0.6104057866886666
1469,2023-12-14 00:23:49.290826,0,3,2023,0.39050317043372107
553,2023-12-11 11:23:49.290826,11,0,2023,0.41959557336541264
817,2023-12-12 05:23:49.290826,5,1,2023,0.5983649475070473
343,2023-12-10 21:23:49.290826,21,6,2023,0.5042871289464678
1012,2023-12-12 18:23:49.290826,18,1,2023,0.0
1420,2023-12-13 21:23:49.290826,21,2,2023,0.3592272575196368
149,2023-12-10 08:23:49.290826,8,6,2023,0.5183596469798027
1059,2023-12-12 21:23:49.290826,21,1,2023,0.4284007877860202
1419,2023-12-13 21:23:49.290826,21,2,2023,0.5072291258986564
241,2023-12-10 15:23:49.290826,15,6,2023,0.5718591811636128
1841,2023-12-15 01:23:49.290826,1,4,2023,0.4912538942729736
1021,2023-12-12 19:23:49.290826,19,1,2023,0.25449753121899366
8,2023-12-09 23:23:49.290826,23,5,2023,0.6222194689713755
1282,2023-12-13 12:23:49.290826,12,2,2023,0.5236962043031255
1691,2023-12-14 15:23:49.290826,15,3,2023,0.5776243036079645
1128,2023-12-13 02:23:49.290826,2,2,2023,0.6715954301885616
1,2023-12-09 23:23:49.290826,23,5,2023,0.33270360761632267
1064,2023-12-12 21:23:49.290826,21,1,2023,0.640928516583855
1723,2023-12-14 17:23:49.290826,17,3,2023,0.22956748481917386
573,2023-12-11 13:23:49.290826,13,0,2023,0.4651080634839111
364,2023-12-10 23:23:49.290826,23,6,2023,0.5830159584648482
604,2023-12-11 15:23:49.290826,15,0,2023,0.5527016824449783
547,2023-12-11 11:23:49.290826,11,0,2023,0.44603413478884557
1745,2023-12-14 19:23:49.290826,19,3,2023,0.4097500117478242
612,2023-12-11 15:23:49.290826,15,0,2023,0.4831861037237828
1127,2023-12-13 02:23:49.290826,2,2,2023,0.5482036254822696
280,2023-12-10 17:23:49.290826,17,6,2023,0.6816620424118237
1730,2023-12-14 18:23:49.290826,18,3,2023,0.3539471556546271
1581,2023-12-14 08:23:49.290826,8,3,2023,0.5072428114868578
1142,2023-12-13 03:23:49.290826,3,2,2023,0.5012003465895105
1578,2023-12-14 08:23:49.290826,8,3,2023,0.46983770312582784
340,2023-12-10 21:23:49.290826,21,6,2023,0.6185098581447226
286,2023-12-10 18:23:49.290826,18,6,2023,0.661442000508712
1100,2023-12-13 00:23:49.290826,0,2,2023,0.5007295589453393
1654,2023-12-14 13:23:49.290826,13,3,2023,0.49821544910053905
225,2023-12-10 14:23:49.290826,14,6,2023,0.414306066750025
408,2023-12-11 02:23:49.290826,2,0,2023,0.3078033226699005
622,2023-12-11 16:23:49.290826,16,0,2023,0.36480667240698095
172,2023-12-10 10:23:49.290826,10,6,2023,0.6520721948287964
1567,2023-12-14 07:23:49.290826,7,3,2023,0.5983649475070473
201,2023-12-10 12:23:49.290826,12,6,2023,0.6103802802352528
540,2023-12-11 11:23:49.290826,11,0,2023,0.5150900576949704
1224,2023-12-13 08:23:49.290826,8,2,2023,0.42383432510196195
807,2023-12-12 04:23:49.290826,4,1,2023,0.41331483612870923
870,2023-12-12 09:23:49.290826,9,1,2023,0.5684099170764464
1005,2023-12-12 18:23:49.290826,18,1,2023,0.38864303941836476
1287,2023-12-13 12:23:49.290826,12,2,2023,0.6202232371424796
1398,2023-12-13 20:23:49.290826,20,2,2023,0.4583452124359757
187,2023-12-10 11:23:49.290826,11,6,2023,0.47677623303696615
1638,2023-12-14 12:23:49.290826,12,3,2023,0.5715795356319557
610,2023-12-11 15:23:49.290826,15,0,2023,0.5462626164531948
902,2023-12-12 11:23:49.290826,11,1,2023,0.36104356366651125
1033,2023-12-12 19:23:49.290826,19,1,2023,0.28241502276055686
713,2023-12-11 22:23:49.290826,22,0,2023,0.5151112766636674
669,2023-12-11 19:23:49.290826,19,0,2023,0.5072291258986564
938,2023-12-12 13:23:49.290826,13,1,2023,0.33753510243479456
1216,2023-12-13 08:23:49.290826,8,2,2023,0.5934470009170313
1475,2023-12-14 01:23:49.290826,1,3,2023,0.5007295589453393
1844,2023-12-15 01:23:49.290826,1,4,2023,0.39050317043372107
1002,2023-12-12 17:23:49.290826,17,1,2023,0.7560508064722194
1849,2023-12-15 02:23:49.290826,2,4,2023,0.42681430609261894
1279,2023-12-13 12:23:49.290826,12,2,2023,0.49821544910053905
1795,2023-12-14 22:23:49.290826,22,3,2023,0.3592272575196368
1788,2023-12-14 22:23:49.290826,22,3,2023,0.496512515980318
1351,2023-12-13 17:23:49.290826,17,2,2023,0.46596389963420315
1023,2023-12-12 19:23:49.290826,19,1,2023,0.4583452124359757
940,2023-12-12 13:23:49.290826,13,1,2023,0.39396008579788644
432,2023-12-11 03:23:49.290826,3,0,2023,0.41331483612870923
697,2023-12-11 21:23:49.290826,21,0,2023,0.3415628779555887
70,2023-12-10 03:23:49.290826,3,6,2023,0.5238843669481225
350,2023-12-10 22:23:49.290826,22,6,2023,0.3454142038745601
1107,2023-12-13 00:23:49.290826,0,2,2023,0.4162121775889387
858,2023-12-12 08:23:49.290826,8,1,2023,0.4932081064968059
1603,2023-12-14 09:23:49.290826,9,3,2023,0.34381032884926566
1296,2023-12-13 13:23:49.290826,13,2,2023,0.34190265786330387
1038,2023-12-12 20:23:49.290826,20,1,2023,0.496512515980318
1201,2023-12-13 07:23:49.290826,7,2,2023,0.46917323892026364
1500,2023-12-14 03:23:49.290826,3,3,2023,0.5269216393004287
833,2023-12-12 06:23:49.290826,6,1,2023,0.3838451607860782
21,2023-12-10 00:23:49.290826,0,6,2023,0.6218588633197701
354,2023-12-10 22:23:49.290826,22,6,2023,0.3983724327560203
284,2023-12-10 17:23:49.290826,17,6,2023,0.4342976835125727
1676,2023-12-14 14:23:49.290826,14,3,2023,0.45873551851360406
295,2023-12-10 18:23:49.290826,18,6,2023,0.3819866415784817
424,2023-12-11 03:23:49.290826,3,0,2023,0.20837713960484502
222,2023-12-10 13:23:49.290826,13,6,2023,0.16008184175481208
404,2023-12-11 01:23:49.290826,1,0,2023,0.4157843355571649
1634,2023-12-14 11:23:49.290826,11,3,2023,0.32729679849670557
351,2023-12-10 22:23:49.290826,22,6,2023,0.3469713560125156
1482,2023-12-14 01:23:49.290826,1,3,2023,0.4162121775889387
1290,2023-12-13 13:23:49.290826,13,2,2023,0.5150900576949704
1403,2023-12-13 20:23:49.290826,20,2,2023,0.46674231333659055
1453,2023-12-13 23:23:49.290826,23,2,2023,0.5448812791426477
1343,2023-12-13 16:23:49.290826,16,2,2023,0.3884838238631043
1338,2023-12-13 16:23:49.290826,16,2,2023,0.548725575554924
1162,2023-12-13 04:23:49.290826,4,2,2023,0.18065934979277934
1596,2023-12-14 09:23:49.290826,9,3,2023,0.49864508037601873
1457,2023-12-14 00:23:49.290826,0,3,2023,0.4675884472797921
770,2023-12-12 02:23:49.290826,2,1,2023,0.6635067500441616
1618,2023-12-14 10:23:49.290826,10,3,2023,0.617999841724923
945,2023-12-12 14:23:49.290826,14,1,2023,0.5112186802303001
846,2023-12-12 07:23:49.290826,7,1,2023,0.49864508037601873
425,2023-12-11 03:23:49.290826,3,0,2023,0.5025869604069414
921,2023-12-12 12:23:49.290826,12,1,2023,0.34190265786330387
1672,2023-12-14 14:23:49.290826,14,3,2023,0.44603413478884557
581,2023-12-11 13:23:49.290826,13,0,2023,0.5295042608421858
566,2023-12-11 12:23:49.290826,12,0,2023,0.5776243036079645
1317,2023-12-13 14:23:49.290826,14,2,2023,0.487082274278685
52,2023-12-10 02:23:49.290826,2,6,2023,0.5078839857869679
1331,2023-12-13 15:23:49.290826,15,2,2023,0.5295042608421858
1462,2023-12-14 00:23:49.290826,0,3,2023,0.41159881303760626
866,2023-12-12 08:23:49.290826,8,1,2023,0.4520095995049195
652,2023-12-11 18:23:49.290826,18,0,2023,0.3722936140716582
315,2023-12-10 20:23:49.290826,20,6,2023,0.41496837107525597
1405,2023-12-13 20:23:49.290826,20,2,2023,0.4729046008283647
998,2023-12-12 17:23:49.290826,17,1,2023,0.7057685939651245
414,2023-12-11 02:23:49.290826,2,0,2023,0.4846531072218132
900,2023-12-12 11:23:49.290826,11,1,2023,0.4922132458342523
1176,2023-12-13 05:23:49.290826,5,2,2023,0.40261989433699186
1376,2023-12-13 18:23:49.290826,18,2,2023,0.5862884088887702
1520,2023-12-14 04:23:49.290826,4,3,2023,0.6635067500441616
1247,2023-12-13 10:23:49.290826,10,2,2023,0.6546465205057475
748,2023-12-12 00:23:49.290826,0,1,2023,0.5921255791531761
985,2023-12-12 16:23:49.290826,16,1,2023,0.5462626164531948
1519,2023-12-14 04:23:49.290826,4,3,2023,0.25781842968631763
293,2023-12-10 18:23:49.290826,18,6,2023,0.3002096760055756
1220,2023-12-13 08:23:49.290826,8,2,2023,0.250599476311948
313,2023-12-10 19:23:49.290826,19,6,2023,0.48852658134616056
261,2023-12-10 16:23:49.290826,16,6,2023,0.3447576367698185
345,2023-12-10 22:23:49.290826,22,6,2023,0.34075729511368347
1628,2023-12-14 11:23:49.290826,11,3,2023,0.470949993773236
1586,2023-12-14 08:23:49.290826,8,3,2023,0.5859416609668437
836,2023-12-12 06:23:49.290826,6,1,2023,0.5859416609668437
1112,2023-12-13 01:23:49.290826,1,2,2023,0.4415714276756666
730,2023-12-11 23:23:49.290826,23,0,2023,0.3155819487501731
1604,2023-12-14 09:23:49.290826,9,3,2023,0.4341672027155966
1272,2023-12-13 11:23:49.290826,11,2,2023,0.2707655826874189
1449,2023-12-13 23:23:49.290826,23,2,2023,0.3150902631797179
1731,2023-12-14 18:23:49.290826,18,3,2023,0.4874156328692627
798,2023-12-12 04:23:49.290826,4,1,2023,0.5053406005808113
806,2023-12-12 04:23:49.290826,4,1,2023,0.3386030748191363
1619,2023-12-14 10:23:49.290826,10,3,2023,0.562898369176701
647,2023-12-11 18:23:49.290826,18,0,2023,0.6208671860994165
1146,2023-12-13 03:23:49.290826,3,2,2023,0.4250763372729327
1664,2023-12-14 13:23:49.290826,13,3,2023,0.5927042800040043
