,Timestamp,hour_of_day,day_of_week,year,Reading
852,2023-12-12 07:23:49.290826,7,1,2023,0.4085922330560303
1153,2023-12-13 03:23:49.290826,3,2,2023,0.37223415356566214
1068,2023-12-12 22:23:49.290826,22,1,2023,0.502598573475341
141,2023-12-10 08:23:49.290826,8,6,2023,0.5281727092591949
1648,2023-12-14 12:23:49.290826,12,3,2023,0.5304778017988501
1477,2023-12-14 01:23:49.290826,1,3,2023,0.5778020353652756
956,2023-12-12 14:23:49.290826,14,1,2023,0.5295042608421858
283,2023-12-10 17:23:49.290826,17,6,2023,0.44999133428181526
1600,2023-12-14 09:23:49.290826,9,3,2023,0.25738608668932705
1478,2023-12-14 01:23:49.290826,1,3,2023,0.4343571071312484
1348,2023-12-13 16:23:49.290826,16,2,2023,0.22956748481917386
1192,2023-12-13 06:23:49.290826,6,2,2023,0.5983649475070473
1633,2023-12-14 11:23:49.290826,11,3,2023,0.5236623037792679
534,2023-12-11 10:23:49.290826,10,0,2023,0.5494532832204051
1286,2023-12-13 12:23:49.290826,12,2,2023,0.5678534829136018
299,2023-12-10 18:23:49.290826,18,6,2023,0.19751759606934668
266,2023-12-10 16:23:49.290826,16,6,2023,0.1054407447178389
16,2023-12-10 00:23:49.290826,0,6,2023,0.33384643924077684
808,2023-12-12 04:23:49.290826,4,1,2023,0.5035990076570305
508,2023-12-11 08:23:49.290826,8,0,2023,0.5236623037792679
297,2023-12-10 18:23:49.290826,18,6,2023,0.5057764179681878
1874,2023-12-15 03:23:49.290826,3,4,2023,0.7604243990311229
505,2023-12-11 08:23:49.290826,8,0,2023,0.2383146585365943
747,2023-12-12 00:23:49.290826,0,1,2023,0.6614620413442264
1074,2023-12-12 22:23:49.290826,22,1,2023,0.3150902631797179
376,2023-12-11 00:23:49.290826,0,0,2023,0.4374123978508313
1821,2023-12-15 00:23:49.290826,0,4,2023,0.5407985618619788
1845,2023-12-15 02:23:49.290826,2,4,2023,0.48961345502115483
491,2023-12-11 07:23:49.290826,7,0,2023,0.4520095995049195
39,2023-12-10 01:23:49.290826,1,6,2023,0.2867558538918318
1152,2023-12-13 03:23:49.290826,3,2,2023,0.5098626944720979
557,2023-12-11 12:23:49.290826,12,0,2023,0.3059451930846343
1209,2023-12-13 07:23:49.290826,7,2,2023,0.3429340482323806
1862,2023-12-15 03:23:49.290826,3,4,2023,0.4415714276756666
552,2023-12-11 11:23:49.290826,11,0,2023,0.661799011989319
1620,2023-12-14 11:23:49.290826,11,3,2023,0.5684099170764464
492,2023-12-11 07:23:49.290826,7,0,2023,0.29216093093689965
1014,2023-12-12 18:23:49.290826,18,1,2023,0.42129964495229255
728,2023-12-11 23:23:49.290826,23,0,2023,0.4343571071312484
1511,2023-12-14 03:23:49.290826,3,3,2023,0.3912514863236355
1804,2023-12-14 23:23:49.290826,23,3,2023,0.4539563401332495
1652,2023-12-14 13:23:49.290826,13,3,2023,0.36104356366651125
1390,2023-12-13 19:23:49.290826,19,2,2023,0.28100993609845726
1778,2023-12-14 21:23:49.290826,21,3,2023,0.46674231333659055
1203,2023-12-13 07:23:49.290826,7,2,2023,0.46983770312582784
445,2023-12-11 04:23:49.290826,4,0,2023,0.5078465660262748
1703,2023-12-14 16:23:49.290826,16,3,2023,0.6054510995268594
1452,2023-12-13 23:23:49.290826,23,2,2023,0.5684988298229721
1294,2023-12-13 13:23:49.290826,13,2,2023,0.350652887753265
427,2023-12-11 03:23:49.290826,3,0,2023,0.3614809363453866
719,2023-12-11 22:23:49.290826,22,0,2023,0.39050317043372107
1812,2023-12-14 23:23:49.290826,23,3,2023,0.573256887419332
609,2023-12-11 15:23:49.290826,15,0,2023,0.759122119681115
483,2023-12-11 07:23:49.290826,7,0,2023,0.4932081064968059
863,2023-12-12 08:23:49.290826,8,1,2023,0.8041317159298621
1093,2023-12-12 23:23:49.290826,23,1,2023,0.385441868534811
1557,2023-12-14 06:23:49.290826,6,3,2023,0.41331483612870923
1429,2023-12-13 22:23:49.290826,22,2,2023,0.4539563401332495
905,2023-12-12 11:23:49.290826,11,1,2023,0.35620472773391854
718,2023-12-11 22:23:49.290826,22,0,2023,0.385441868534811
626,2023-12-11 16:23:49.290826,16,0,2023,0.5862884088887702
1725,2023-12-14 18:23:49.290826,18,3,2023,0.6104057866886666
319,2023-12-10 20:23:49.290826,20,6,2023,0.27786954838783373
1536,2023-12-14 05:23:49.290826,5,3,2023,0.48634501039547184
1612,2023-12-14 10:23:49.290826,10,3,2023,0.46539302145236616
1006,2023-12-12 18:23:49.290826,18,1,2023,0.6354918568256558
499,2023-12-11 08:23:49.290826,8,0,2023,0.539628568486635
45,2023-12-10 02:23:49.290826,2,6,2023,0.5046265585569234
1056,2023-12-12 21:23:49.290826,21,1,2023,0.6370077503094874
1388,2023-12-13 19:23:49.290826,19,2,2023,0.31250071386163414
915,2023-12-12 12:23:49.290826,12,1,2023,0.5150900576949704
1830,2023-12-15 01:23:49.290826,1,4,2023,0.45517636022681784
29,2023-12-10 00:23:49.290826,0,6,2023,0.23678804546064855
639,2023-12-11 17:23:49.290826,17,0,2023,0.42129964495229255
737,2023-12-12 00:23:49.290826,0,1,2023,0.4415714276756666
285,2023-12-10 18:23:49.290826,18,6,2023,0.5035409125265096
631,2023-12-11 17:23:49.290826,17,0,2023,0.6354918568256558
1250,2023-12-13 10:23:49.290826,10,2,2023,0.7656785820649562
26,2023-12-10 00:23:49.290826,0,6,2023,0.4611360809738656
694,2023-12-11 21:23:49.290826,21,0,2023,0.438557203058344
1670,2023-12-14 14:23:49.290826,14,3,2023,0.33151301072368555
712,2023-12-11 22:23:49.290826,22,0,2023,0.41159881303760626
786,2023-12-12 03:23:49.290826,3,1,2023,0.48634501039547184
840,2023-12-12 07:23:49.290826,7,1,2023,0.4705871778493802
1639,2023-12-14 12:23:49.290826,12,3,2023,0.2833948907530337
1483,2023-12-14 01:23:49.290826,1,3,2023,0.5023944865865637
1678,2023-12-14 14:23:49.290826,14,3,2023,0.41959557336541264
1761,2023-12-14 20:23:49.290826,20,3,2023,0.4485117717002278
524,2023-12-11 09:23:49.290826,9,0,2023,0.49876692930625344
1748,2023-12-14 19:23:49.290826,19,3,2023,0.7057685939651245
1404,2023-12-13 20:23:49.290826,20,2,2023,0.4025872869950732
442,2023-12-11 04:23:49.290826,4,0,2023,0.5983649475070473
1621,2023-12-14 11:23:49.290826,11,3,2023,0.32871162526487396
1790,2023-12-14 22:23:49.290826,22,3,2023,0.4275649266497452
308,2023-12-10 19:23:49.290826,19,6,2023,0.6252974755748892
1705,2023-12-14 16:23:49.290826,16,3,2023,0.32470294330721405
824,2023-12-12 05:23:49.290826,5,1,2023,0.08761239616893415
919,2023-12-12 12:23:49.290826,12,1,2023,0.350652887753265
1434,2023-12-13 22:23:49.290826,22,2,2023,0.4284007877860202
452,2023-12-11 05:23:49.290826,5,0,2023,0.4147533795551823
152,2023-12-10 09:23:49.290826,9,6,2023,0.47468928654834064
1207,2023-12-13 07:23:49.290826,7,2,2023,0.665232895778346
334,2023-12-10 21:23:49.290826,21,6,2023,0.4010485101358604
105,2023-12-10 06:23:49.290826,6,6,2023,0.2943241162968021
332,2023-12-10 21:23:49.290826,21,6,2023,0.3274796644441328
1391,2023-12-13 19:23:49.290826,19,2,2023,0.6870143004384246
1382,2023-12-13 19:23:49.290826,19,2,2023,0.3571466439319657
1066,2023-12-12 22:23:49.290826,22,1,2023,0.5530336845239873
1587,2023-12-14 08:23:49.290826,8,3,2023,0.5032448601862134
271,2023-12-10 17:23:49.290826,17,6,2023,0.4290005797440881
1512,2023-12-14 03:23:49.290826,3,3,2023,0.4910107394646577
166,2023-12-10 10:23:49.290826,10,6,2023,0.4460173127098195
801,2023-12-12 04:23:49.290826,4,1,2023,0.40261989433699186
154,2023-12-10 09:23:49.290826,9,6,2023,0.7454370464350765
1414,2023-12-13 21:23:49.290826,21,2,2023,0.3691243659228668
835,2023-12-12 06:23:49.290826,6,1,2023,0.3861729275482594
1020,2023-12-12 19:23:49.290826,19,1,2023,0.6600706795799449
1422,2023-12-13 21:23:49.290826,21,2,2023,0.5002209537414918
1627,2023-12-14 11:23:49.290826,11,3,2023,0.3770750001932798
44,2023-12-10 01:23:49.290826,1,6,2023,0.6172233724469138
605,2023-12-11 15:23:49.290826,15,0,2023,0.3539471556546271
1632,2023-12-14 11:23:49.290826,11,3,2023,0.3071559043548151
717,2023-12-11 22:23:49.290826,22,0,2023,0.49143423820131904
820,2023-12-12 05:23:49.290826,5,1,2023,0.5078465660262748
1438,2023-12-13 22:23:49.290826,22,2,2023,0.5715784669301963
120,2023-12-10 07:23:49.290826,7,6,2023,0.31255132712736444
559,2023-12-11 12:23:49.290826,12,0,2023,0.42540246012915095
474,2023-12-11 06:23:49.290826,6,0,2023,0.42383432510196195
214,2023-12-10 13:23:49.290826,13,6,2023,0.426080428649527
914,2023-12-12 11:23:49.290826,11,1,2023,0.5927042800040043
1284,2023-12-13 12:23:49.290826,12,2,2023,0.5494532832204051
1445,2023-12-13 23:23:49.290826,23,2,2023,0.47057567737450445
1407,2023-12-13 20:23:49.290826,20,2,2023,0.6804743377328555
57,2023-12-10 02:23:49.290826,2,6,2023,0.7509607087238055
1384,2023-12-13 19:23:49.290826,19,2,2023,0.5660984008209472
242,2023-12-10 15:23:49.290826,15,6,2023,0.45012395814174455
1432,2023-12-13 22:23:49.290826,22,2,2023,0.37351231857517764
602,2023-12-11 15:23:49.290826,15,0,2023,0.3049792668092426
185,2023-12-10 11:23:49.290826,11,6,2023,0.47741599888194
760,2023-12-12 01:23:49.290826,1,1,2023,0.3915774041610872
1602,2023-12-14 09:23:49.290826,9,3,2023,0.4085922330560303
575,2023-12-11 13:23:49.290826,13,0,2023,0.5073379325677376
608,2023-12-11 15:23:49.290826,15,0,2023,0.365050383325061
655,2023-12-11 18:23:49.290826,18,0,2023,0.4729046008283647
780,2023-12-12 03:23:49.290826,3,1,2023,0.3720836147319134
859,2023-12-12 08:23:49.290826,8,1,2023,0.44640850666446996
1119,2023-12-13 01:23:49.290826,1,2,2023,0.3479359970463617
954,2023-12-12 14:23:49.290826,14,1,2023,0.26270063141832245
1423,2023-12-13 21:23:49.290826,21,2,2023,0.5714871901796458
1353,2023-12-13 17:23:49.290826,17,2,2023,0.3560704887445525
1266,2023-12-13 11:23:49.290826,11,2,2023,0.6411630735901082
541,2023-12-11 11:23:49.290826,11,0,2023,0.5727837848612932
659,2023-12-11 18:23:49.290826,18,0,2023,0.7575840993163806
916,2023-12-12 12:23:49.290826,12,1,2023,0.5727837848612932
370,2023-12-10 23:23:49.290826,23,6,2023,0.32328376103863776
920,2023-12-12 12:23:49.290826,12,1,2023,0.33151301072368555
420,2023-12-11 03:23:49.290826,3,0,2023,0.3554304408332002
1044,2023-12-12 20:23:49.290826,20,1,2023,0.5072291258986564
186,2023-12-10 11:23:49.290826,11,6,2023,0.37033340965362294
755,2023-12-12 01:23:49.290826,1,1,2023,0.42389778386995847
555,2023-12-11 12:23:49.290826,12,0,2023,0.545099425599925
514,2023-12-11 09:23:49.290826,9,0,2023,0.2833948907530337
24,2023-12-10 00:23:49.290826,0,6,2023,0.5350050376027125
1609,2023-12-14 10:23:49.290826,10,3,2023,0.44640850666446996
90,2023-12-10 05:23:49.290826,5,6,2023,0.6864585138851144
711,2023-12-11 22:23:49.290826,22,0,2023,0.3405371499095783
409,2023-12-11 02:23:49.290826,2,0,2023,0.5728521175633792
300,2023-12-10 19:23:49.290826,19,6,2023,0.4523523058844645
556,2023-12-11 12:23:49.290826,12,0,2023,0.33607417206319756
42,2023-12-10 01:23:49.290826,1,6,2023,0.3236200787323936
785,2023-12-12 03:23:49.290826,3,1,2023,0.2848074461681168
1356,2023-12-13 17:23:49.290826,17,2,2023,0.4874156328692627
1095,2023-12-13 00:23:49.290826,0,2,2023,0.48961345502115483
1573,2023-12-14 07:23:49.290826,7,3,2023,0.6774614868935265
1082,2023-12-12 23:23:49.290826,23,1,2023,0.4675884472797921
708,2023-12-11 22:23:49.290826,22,0,2023,0.3614471456425865
468,2023-12-11 06:23:49.290826,6,0,2023,0.41071407861707154
267,2023-12-10 16:23:49.290826,16,6,2023,0.3207785327917354
582,2023-12-11 13:23:49.290826,13,0,2023,0.5293281519470108
1801,2023-12-14 23:23:49.290826,23,3,2023,0.3779372345341302
1305,2023-12-13 14:23:49.290826,14,2,2023,0.545099425599925
472,2023-12-11 06:23:49.290826,6,0,2023,0.4937021693717456
144,2023-12-10 08:23:49.290826,8,6,2023,0.3998971503348371
632,2023-12-11 17:23:49.290826,17,0,2023,0.3571466439319657
1210,2023-12-13 07:23:49.290826,7,2,2023,0.3861729275482594
99,2023-12-10 05:23:49.290826,5,6,2023,0.37319655601497337
223,2023-12-10 13:23:49.290826,13,6,2023,0.6195176780058188
549,2023-12-11 11:23:49.290826,11,0,2023,0.49590621923462586
1244,2023-12-13 09:23:49.290826,9,2,2023,0.562898369176701
778,2023-12-12 02:23:49.290826,2,1,2023,0.37223415356566214
881,2023-12-12 09:23:49.290826,9,1,2023,0.46656764313808063
1867,2023-12-15 03:23:49.290826,3,4,2023,0.4586777949213279
265,2023-12-10 16:23:49.290826,16,6,2023,0.5277717457951554
1092,2023-12-12 23:23:49.290826,23,1,2023,0.49143423820131904
446,2023-12-11 04:23:49.290826,4,0,2023,0.6737108393415698
1003,2023-12-12 17:23:49.290826,17,1,2023,0.6024433753937022
1822,2023-12-15 00:23:49.290826,0,4,2023,0.3415628779555887
635,2023-12-11 17:23:49.290826,17,0,2023,0.3262386876168769
369,2023-12-10 23:23:49.290826,23,6,2023,0.7244199610744394
448,2023-12-11 04:23:49.290826,4,0,2023,0.6774614868935265
290,2023-12-10 18:23:49.290826,18,6,2023,0.5010431443388859
1659,2023-12-14 13:23:49.290826,13,3,2023,0.5494532832204051
1470,2023-12-14 01:23:49.290826,1,3,2023,0.48961345502115483
391,2023-12-11 01:23:49.290826,1,0,2023,0.3141297698109832
357,2023-12-10 22:23:49.290826,22,6,2023,0.4316569720579565
252,2023-12-10 15:23:49.290826,15,6,2023,0.44830333978067627
64,2023-12-10 03:23:49.290826,3,6,2023,0.7839454438589072
435,2023-12-11 04:23:49.290826,4,0,2023,0.38935629510696845
507,2023-12-11 08:23:49.290826,8,0,2023,0.3071559043548151
1491,2023-12-14 02:23:49.290826,2,3,2023,0.4884917385200531
901,2023-12-12 11:23:49.290826,11,1,2023,0.5057395180314679
1558,2023-12-14 06:23:49.290826,6,3,2023,0.5035990076570305
276,2023-12-10 17:23:49.290826,17,6,2023,0.7187722757330315
1509,2023-12-14 03:23:49.290826,3,3,2023,0.5333842694288938
451,2023-12-11 05:23:49.290826,5,0,2023,0.46917323892026364
294,2023-12-10 18:23:49.290826,18,6,2023,0.4518525922896949
1367,2023-12-13 18:23:49.290826,18,2,2023,0.5280878540358181
493,2023-12-11 07:23:49.290826,7,0,2023,0.617999841724923
598,2023-12-11 14:23:49.290826,14,0,2023,0.22956748481917386
1713,2023-12-14 17:23:49.290826,17,3,2023,0.548725575554924
47,2023-12-10 02:23:49.290826,2,6,2023,0.48743908731669283
1846,2023-12-15 02:23:49.290826,2,4,2023,0.2527746397145645
158,2023-12-10 09:23:49.290826,9,6,2023,0.3396118455482474
868,2023-12-12 08:23:49.290826,8,1,2023,0.617999841724923
1719,2023-12-14 17:23:49.290826,17,3,2023,0.46844404104819104
1709,2023-12-14 16:23:49.290826,16,3,2023,1.0
1680,2023-12-14 15:23:49.290826,15,3,2023,0.545099425599925
199,2023-12-10 12:23:49.290826,12,6,2023,0.0439552722670791
61,2023-12-10 03:23:49.290826,3,6,2023,0.4493040620839982
1747,2023-12-14 19:23:49.290826,19,3,2023,0.36480667240698095
1000,2023-12-12 17:23:49.290826,17,1,2023,0.27916319596178607
1042,2023-12-12 20:23:49.290826,20,1,2023,0.37382337471491944
862,2023-12-12 08:23:49.290826,8,1,2023,0.46539302145236616
188,2023-12-10 11:23:49.290826,11,6,2023,0.6808422701163427
1374,2023-12-13 18:23:49.290826,18,2,2023,0.5139906473113989
246,2023-12-10 15:23:49.290826,15,6,2023,0.36847396743242355
130,2023-12-10 07:23:49.290826,7,6,2023,0.3774063001554887
503,2023-12-11 08:23:49.290826,8,0,2023,0.470949993773236
433,2023-12-11 03:23:49.290826,3,0,2023,0.5035990076570305
1668,2023-12-14 14:23:49.290826,14,3,2023,0.4223117730286594
1198,2023-12-13 06:23:49.290826,6,2,2023,0.6774614868935265
272,2023-12-10 17:23:49.290826,17,6,2023,0.7484035175250989
720,2023-12-11 23:23:49.290826,23,0,2023,0.48961345502115483
1710,2023-12-14 17:23:49.290826,17,3,2023,0.5373778515795566
1346,2023-12-13 16:23:49.290826,16,2,2023,0.19368513870154344
1017,2023-12-12 18:23:49.290826,18,1,2023,0.2553039555440204
1193,2023-12-13 06:23:49.290826,6,2,2023,0.507880456578692
191,2023-12-10 11:23:49.290826,11,6,2023,0.44118396233324475
1342,2023-12-13 16:23:49.290826,16,2,2023,0.42351976720336215
1027,2023-12-12 19:23:49.290826,19,1,2023,0.3722936140716582
360,2023-12-10 23:23:49.290826,23,6,2023,0.5604603243390647
393,2023-12-11 01:23:49.290826,1,0,2023,0.32890381295845295
909,2023-12-12 11:23:49.290826,11,1,2023,0.5494532832204051
417,2023-12-11 02:23:49.290826,2,0,2023,0.4406004472602837
219,2023-12-10 13:23:49.290826,13,6,2023,0.355829095997129
1521,2023-12-14 04:23:49.290826,4,3,2023,0.4250763372729327
143,2023-12-10 08:23:49.290826,8,6,2023,0.7770958548254246
1058,2023-12-12 21:23:49.290826,21,1,2023,0.5340238716747276
1855,2023-12-15 02:23:49.290826,2,4,2023,0.3155819487501731
793,2023-12-12 03:23:49.290826,3,1,2023,0.4144578699035114
614,2023-12-11 15:23:49.290826,15,0,2023,0.5770653157053905
312,2023-12-10 19:23:49.290826,19,6,2023,0.6083431158874775
125,2023-12-10 07:23:49.290826,7,6,2023,0.7620981532251075
211,2023-12-10 13:23:49.290826,13,6,2023,0.3988503576926484
1700,2023-12-14 16:23:49.290826,16,3,2023,0.5073379325677376
236,2023-12-10 14:23:49.290826,14,6,2023,0.4268129489400706
1690,2023-12-14 15:23:49.290826,15,3,2023,0.39396008579788644
624,2023-12-11 16:23:49.290826,16,0,2023,0.5139906473113989
40,2023-12-10 01:23:49.290826,1,6,2023,0.3053221460425368
153,2023-12-10 09:23:49.290826,9,6,2023,0.4255417170660576
1409,2023-12-13 20:23:49.290826,20,2,2023,0.7575840993163806
1199,2023-12-13 06:23:49.290826,6,2,2023,0.08761239616893415
1049,2023-12-12 20:23:49.290826,20,1,2023,0.5456578545274079
1718,2023-12-14 17:23:49.290826,17,3,2023,0.3884838238631043
1130,2023-12-13 02:23:49.290826,2,2,2023,0.42389778386995847
1347,2023-12-13 16:23:49.290826,16,2,2023,0.5536408482947078
788,2023-12-12 03:23:49.290826,3,1,2023,0.2696760088097523
1553,2023-12-14 06:23:49.290826,6,3,2023,0.5431271869150884
633,2023-12-11 17:23:49.290826,17,0,2023,0.5194653757561044
1468,2023-12-14 00:23:49.290826,0,3,2023,0.385441868534811
306,2023-12-10 19:23:49.290826,19,6,2023,0.35022607450862175
301,2023-12-10 19:23:49.290826,19,6,2023,0.5471963511372315
256,2023-12-10 16:23:49.290826,16,6,2023,0.3333089862683247
1820,2023-12-15 00:23:49.290826,0,4,2023,0.47057567737450445
195,2023-12-10 12:23:49.290826,12,6,2023,0.3895717807981508
194,2023-12-10 11:23:49.290826,11,6,2023,0.3985977079941142
1588,2023-12-14 08:23:49.290826,8,3,2023,0.38222548396239053
1868,2023-12-15 03:23:49.290826,3,4,2023,0.4706715518696013
0,2023-12-09 23:23:49.290826,23,5,2023,0.4777780262928992
162,2023-12-10 09:23:49.290826,9,6,2023,0.4861954350041078
922,2023-12-12 12:23:49.290826,12,1,2023,0.44603413478884557
1530,2023-12-14 05:23:49.290826,5,3,2023,0.3720836147319134
422,2023-12-11 03:23:49.290826,3,0,2023,0.6059191252854249
1410,2023-12-13 21:23:49.290826,21,2,2023,0.18172818621891954
1308,2023-12-13 14:23:49.290826,14,2,2023,0.5249140638683091
568,2023-12-11 12:23:49.290826,12,0,2023,0.2812981238049461
1549,2023-12-14 06:23:49.290826,6,3,2023,0.20837713960484502
830,2023-12-12 06:23:49.290826,6,1,2023,0.4259368410303601
323,2023-12-10 20:23:49.290826,20,6,2023,0.34196392889811633
1251,2023-12-13 10:23:49.290826,10,2,2023,0.3172725381896835
1528,2023-12-14 04:23:49.290826,4,3,2023,0.37223415356566214
825,2023-12-12 06:23:49.290826,6,1,2023,0.5727615610601582
1702,2023-12-14 16:23:49.290826,16,3,2023,0.6095741888927183
405,2023-12-11 02:23:49.290826,2,0,2023,0.3720836147319134
298,2023-12-10 18:23:49.290826,18,6,2023,0.8109423230714773
973,2023-12-12 15:23:49.290826,15,1,2023,0.22956748481917386
975,2023-12-12 16:23:49.290826,16,1,2023,0.6104057866886666
1626,2023-12-14 11:23:49.290826,11,3,2023,0.3172725381896835
1015,2023-12-12 18:23:49.290826,18,1,2023,0.28100993609845726
477,2023-12-11 06:23:49.290826,6,0,2023,0.4085922330560303
1276,2023-12-13 12:23:49.290826,12,2,2023,0.5057395180314679
1301,2023-12-13 13:23:49.290826,13,2,2023,0.45873551851360406
1556,2023-12-14 06:23:49.290826,6,3,2023,0.3386030748191363
1147,2023-12-13 03:23:49.290826,3,2,2023,0.466421777577232
950,2023-12-12 14:23:49.290826,14,1,2023,0.5073379325677376
1229,2023-12-13 08:23:49.290826,8,2,2023,0.4341672027155966
177,2023-12-10 10:23:49.290826,10,6,2023,0.5305213696663189
390,2023-12-11 01:23:49.290826,1,0,2023,0.3776402949526235
551,2023-12-11 11:23:49.290826,11,0,2023,0.45873551851360406
1426,2023-12-13 22:23:49.290826,22,2,2023,0.3779372345341302
1366,2023-12-13 18:23:49.290826,18,2,2023,0.4407289842030009
574,2023-12-11 13:23:49.290826,13,0,2023,0.29578480238124916
1527,2023-12-14 04:23:49.290826,4,3,2023,0.5098626944720979
1736,2023-12-14 18:23:49.290826,18,3,2023,0.1714300752552261
1243,2023-12-13 09:23:49.290826,9,2,2023,0.617999841724923
1047,2023-12-12 20:23:49.290826,20,1,2023,0.5002209537414918
527,2023-12-11 10:23:49.290826,10,0,2023,0.36104356366651125
398,2023-12-11 01:23:49.290826,1,0,2023,0.2560642026029597
501,2023-12-11 08:23:49.290826,8,0,2023,0.3172725381896835
953,2023-12-12 14:23:49.290826,14,1,2023,0.6054510995268594
1758,2023-12-14 20:23:49.290826,20,3,2023,0.5194653757561044
1569,2023-12-14 07:23:49.290826,7,3,2023,0.36596391505171233
336,2023-12-10 21:23:49.290826,21,6,2023,0.5420621459653172
672,2023-12-11 19:23:49.290826,19,0,2023,0.5002209537414918
531,2023-12-11 10:23:49.290826,10,0,2023,0.7199101625299765
1030,2023-12-12 19:23:49.290826,19,1,2023,0.4729046008283647
1727,2023-12-14 18:23:49.290826,18,3,2023,0.3049792668092426
842,2023-12-12 07:23:49.290826,7,1,2023,0.3579383513843415
473,2023-12-11 06:23:49.290826,6,0,2023,0.45762353140680023
1421,2023-12-13 21:23:49.290826,21,2,2023,0.583714110237573
857,2023-12-12 08:23:49.290826,8,1,2023,0.48151194191166746
1148,2023-12-13 03:23:49.290826,3,2,2023,0.2560642026029597
1538,2023-12-14 05:23:49.290826,5,3,2023,0.2696760088097523
181,2023-12-10 11:23:49.290826,11,6,2023,0.5377801508157627
519,2023-12-11 09:23:49.290826,9,0,2023,0.4935368919366284
465,2023-12-11 06:23:49.290826,6,0,2023,0.4705871778493802
46,2023-12-10 02:23:49.290826,2,6,2023,0.3246887712409824
156,2023-12-10 09:23:49.290826,9,6,2023,0.4000834252624855
169,2023-12-10 10:23:49.290826,10,6,2023,0.206548608335642
845,2023-12-12 07:23:49.290826,7,1,2023,0.250599476311948
536,2023-12-11 10:23:49.290826,10,0,2023,0.5678534829136018
1121,2023-12-13 01:23:49.290826,1,2,2023,0.5271026568428416
175,2023-12-10 10:23:49.290826,10,6,2023,0.5226689121318752
1392,2023-12-13 19:23:49.290826,19,2,2023,0.2553039555440204
1408,2023-12-13 20:23:49.290826,20,2,2023,0.28241502276055686
837,2023-12-12 06:23:49.290826,6,1,2023,0.5032448601862134
1662,2023-12-14 13:23:49.290826,13,3,2023,0.6202232371424796
74,2023-12-10 03:23:49.290826,3,6,2023,0.5745727852027406
1352,2023-12-13 17:23:49.290826,17,2,2023,0.3049792668092426
1666,2023-12-14 14:23:49.290826,14,3,2023,0.5727837848612932
1852,2023-12-15 02:23:49.290826,2,4,2023,0.5778020353652756
777,2023-12-12 02:23:49.290826,2,1,2023,0.5098626944720979
196,2023-12-10 12:23:49.290826,12,6,2023,0.27997354038089606
907,2023-12-12 11:23:49.290826,11,1,2023,0.5236962043031255
1726,2023-12-14 18:23:49.290826,18,3,2023,0.46596389963420315
923,2023-12-12 12:23:49.290826,12,1,2023,0.504992938449668
1242,2023-12-13 09:23:49.290826,9,2,2023,0.29216093093689965
1494,2023-12-14 02:23:49.290826,2,3,2023,0.3479359970463617
523,2023-12-11 09:23:49.290826,9,0,2023,0.5304778017988501
961,2023-12-12 15:23:49.290826,15,1,2023,0.6169768398175937
1836,2023-12-15 01:23:49.290826,1,4,2023,0.3405371499095783
1787,2023-12-14 22:23:49.290826,22,3,2023,0.5398343921298504
897,2023-12-12 10:23:49.290826,10,1,2023,0.2707655826874189
654,2023-12-11 18:23:49.290826,18,0,2023,0.4025872869950732
168,2023-12-10 10:23:49.290826,10,6,2023,0.5158547644676835
660,2023-12-11 19:23:49.290826,19,0,2023,0.18172818621891954
930,2023-12-12 13:23:49.290826,13,1,2023,0.545099425599925
1763,2023-12-14 20:23:49.290826,20,3,2023,0.31250071386163414
987,2023-12-12 16:23:49.290826,16,1,2023,0.4831861037237828
455,2023-12-11 05:23:49.290826,5,0,2023,0.4259368410303601
716,2023-12-11 22:23:49.290826,22,0,2023,0.4912538942729736
1772,2023-12-14 21:23:49.290826,21,3,2023,0.6208671860994165
811,2023-12-12 05:23:49.290826,5,1,2023,0.43073144446705447
1111,2023-12-13 01:23:49.290826,1,2,2023,0.6729640597621248
1281,2023-12-13 12:23:49.290826,12,2,2023,0.7199101625299765
1083,2023-12-12 23:23:49.290826,23,1,2023,0.3614471456425865
1274,2023-12-13 11:23:49.290826,11,2,2023,0.49876692930625344
933,2023-12-12 13:23:49.290826,13,1,2023,0.5249140638683091
1824,2023-12-15 00:23:49.290826,0,4,2023,0.3150902631797179
962,2023-12-12 15:23:49.290826,15,1,2023,0.5913828298635675
1106,2023-12-13 00:23:49.290826,0,2,2023,0.45429302724425014
358,2023-12-10 22:23:49.290826,22,6,2023,0.5126991430295893
1440,2023-12-13 23:23:49.290826,23,2,2023,0.45986350710590485
58,2023-12-10 02:23:49.290826,2,6,2023,0.3138579382393347
1010,2023-12-12 18:23:49.290826,18,1,2023,0.3262386876168769
984,2023-12-12 16:23:49.290826,16,1,2023,0.759122119681115
1542,2023-12-14 05:23:49.290826,5,3,2023,0.4406004472602837
648,2023-12-11 18:23:49.290826,18,0,2023,0.4583452124359757
66,2023-12-10 03:23:49.290826,3,6,2023,0.32946143720954224
1762,2023-12-14 20:23:49.290826,20,3,2023,0.0
1506,2023-12-14 03:23:49.290826,3,3,2023,0.6795152171014152
1043,2023-12-12 20:23:49.290826,20,1,2023,0.5766662124855059
658,2023-12-11 18:23:49.290826,18,0,2023,0.28241502276055686
421,2023-12-11 03:23:49.290826,3,0,2023,0.39196913270784683
906,2023-12-12 11:23:49.290826,11,1,2023,0.7199101625299765
479,2023-12-11 06:23:49.290826,6,0,2023,0.4341672027155966
1837,2023-12-15 01:23:49.290826,1,4,2023,0.41159881303760626
810,2023-12-12 05:23:49.290826,5,1,2023,0.38935629510696845
1288,2023-12-13 12:23:49.290826,12,2,2023,0.34121587548533516
329,2023-12-10 20:23:49.290826,20,6,2023,0.46694694614743715
544,2023-12-11 11:23:49.290826,11,0,2023,0.350652887753265
1797,2023-12-14 22:23:49.290826,22,3,2023,0.5002209537414918
1715,2023-12-14 17:23:49.290826,17,3,2023,0.5638902198908596
756,2023-12-12 01:23:49.290826,1,1,2023,0.6795152171014152
734,2023-12-11 23:23:49.290826,23,0,2023,0.340292753652801
684,2023-12-11 20:23:49.290826,20,0,2023,0.4284007877860202
1546,2023-12-14 06:23:49.290826,6,3,2023,0.39196913270784683
1643,2023-12-14 12:23:49.290826,12,3,2023,0.4829294845333144
1518,2023-12-14 04:23:49.290826,4,3,2023,0.32890381295845295
1022,2023-12-12 19:23:49.290826,19,1,2023,0.6208671860994165
1810,2023-12-14 23:23:49.290826,23,3,2023,0.42621745633038954
1371,2023-12-13 18:23:49.290826,18,2,2023,0.3899524224513964
230,2023-12-10 14:23:49.290826,14,6,2023,0.38427535883632136
912,2023-12-12 11:23:49.290826,11,1,2023,0.6202232371424796
1139,2023-12-13 02:23:49.290826,2,2,2023,0.2137510230462398
464,2023-12-11 05:23:49.290826,5,0,2023,0.5292550594908059
1592,2023-12-14 09:23:49.290826,9,3,2023,0.3579383513843415
439,2023-12-11 04:23:49.290826,4,0,2023,0.571439784414183
498,2023-12-11 08:23:49.290826,8,0,2023,0.259291877708009
1427,2023-12-13 22:23:49.290826,22,2,2023,0.5622443758967164
1368,2023-12-13 18:23:49.290826,18,2,2023,0.5789432211987212
782,2023-12-12 03:23:49.290826,3,1,2023,0.4550000912534423
466,2023-12-11 06:23:49.290826,6,0,2023,0.5934470009170313
879,2023-12-12 09:23:49.290826,9,1,2023,0.3859306649580516
372,2023-12-10 23:23:49.290826,23,6,2023,0.5646035779277506
1323,2023-12-13 15:23:49.290826,15,2,2023,0.4651080634839111
1094,2023-12-12 23:23:49.290826,23,1,2023,0.39050317043372107
331,2023-12-10 21:23:49.290826,21,6,2023,0.3588346324286449
304,2023-12-10 19:23:49.290826,19,6,2023,0.2737596978748167
1155,2023-12-13 04:23:49.290826,4,2,2023,0.3720836147319134
1303,2023-12-13 13:23:49.290826,13,2,2023,0.41959557336541264
139,2023-12-10 08:23:49.290826,8,6,2023,0.734960583060446
373,2023-12-10 23:23:49.290826,23,6,2023,0.23942290735987246
1097,2023-12-13 00:23:49.290826,0,2,2023,0.2585006862068254
1077,2023-12-12 22:23:49.290826,22,1,2023,0.5684988298229721
663,2023-12-11 19:23:49.290826,19,0,2023,0.496512515980318
1854,2023-12-15 02:23:49.290826,2,4,2023,0.45422211210565155
1524,2023-12-14 04:23:49.290826,4,3,2023,0.38016423175371883
932,2023-12-12 13:23:49.290826,13,1,2023,0.3059451930846343
1595,2023-12-14 09:23:49.290826,9,3,2023,0.250599476311948
1328,2023-12-13 15:23:49.290826,15,2,2023,0.6054510995268594
165,2023-12-10 10:23:49.290826,10,6,2023,0.37128747406180873
1479,2023-12-14 01:23:49.290826,1,3,2023,0.45422211210565155
394,2023-12-11 01:23:49.290826,1,0,2023,0.25781842968631763
1610,2023-12-14 10:23:49.290826,10,3,2023,0.18642463247137278
1813,2023-12-14 23:23:49.290826,23,3,2023,0.5715784669301963
462,2023-12-11 05:23:49.290826,5,0,2023,0.5032448601862134
978,2023-12-12 16:23:49.290826,16,1,2023,0.3560704887445525
273,2023-12-10 17:23:49.290826,17,6,2023,0.19870106078368613
594,2023-12-11 14:23:49.290826,14,0,2023,0.46844404104819104
83,2023-12-10 04:23:49.290826,4,6,2023,0.5277773307135244
1395,2023-12-13 20:23:49.290826,20,2,2023,0.6600706795799449
325,2023-12-10 20:23:49.290826,20,6,2023,0.7564194569423891
18,2023-12-10 00:23:49.290826,0,6,2023,0.5585569996788927
892,2023-12-12 10:23:49.290826,10,1,2023,0.23030509935129942
1507,2023-12-14 03:23:49.290826,3,3,2023,0.5650835537018235
1230,2023-12-13 09:23:49.290826,9,2,2023,0.5138594301842706
562,2023-12-11 12:23:49.290826,12,0,2023,0.4466364462438075
1267,2023-12-13 11:23:49.290826,11,2,2023,0.23030509935129942
1533,2023-12-14 05:23:49.290826,5,3,2023,0.3078033226699005
554,2023-12-11 11:23:49.290826,11,0,2023,0.8403492372792586
802,2023-12-12 04:23:49.290826,4,1,2023,0.3614809363453866
1635,2023-12-14 12:23:49.290826,12,3,2023,0.6753880088527969
1264,2023-12-13 11:23:49.290826,11,2,2023,0.2833948907530337
62,2023-12-10 03:23:49.290826,3,6,2023,0.31843306061854526
822,2023-12-12 05:23:49.290826,5,1,2023,0.45185252738927684
213,2023-12-10 13:23:49.290826,13,6,2023,0.392827753122325
1357,2023-12-13 17:23:49.290826,17,2,2023,0.46332671577809303
1838,2023-12-15 01:23:49.290826,1,4,2023,0.5151112766636674
1120,2023-12-13 01:23:49.290826,1,2,2023,0.46035777454375626
561,2023-12-11 12:23:49.290826,12,0,2023,0.523612288820131
1075,2023-12-12 22:23:49.290826,22,1,2023,0.28574556828261
615,2023-12-11 16:23:49.290826,16,0,2023,0.34518565058552864
1566,2023-12-14 07:23:49.290826,7,3,2023,0.44675186648788645
878,2023-12-12 09:23:49.290826,9,1,2023,0.470949993773236
1304,2023-12-13 13:23:49.290826,13,2,2023,0.8403492372792586
1313,2023-12-13 14:23:49.290826,14,2,2023,0.33753510243479456
1682,2023-12-14 15:23:49.290826,15,3,2023,0.3059451930846343
20,2023-12-10 00:23:49.290826,0,6,2023,0.6479716519357773
1273,2023-12-13 11:23:49.290826,11,2,2023,0.5304778017988501
1218,2023-12-13 08:23:49.290826,8,2,2023,0.41071407861707154
831,2023-12-12 06:23:49.290826,6,1,2023,0.5072428114868578
1019,2023-12-12 18:23:49.290826,18,1,2023,0.4753324602692557
1734,2023-12-14 18:23:49.290826,18,3,2023,0.759122119681115
119,2023-12-10 06:23:49.290826,6,6,2023,0.21970804945669323
588,2023-12-11 14:23:49.290826,14,0,2023,0.548725575554924
960,2023-12-12 15:23:49.290826,15,1,2023,0.5373778515795566
136,2023-12-10 08:23:49.290826,8,6,2023,0.34373319679127134
248,2023-12-10 15:23:49.290826,15,6,2023,0.4641197892069898
330,2023-12-10 21:23:49.290826,21,6,2023,0.274564425698707
1539,2023-12-14 05:23:49.290826,5,3,2023,0.4846531072218132
590,2023-12-11 14:23:49.290826,14,0,2023,0.5638902198908596
1508,2023-12-14 03:23:49.290826,3,3,2023,0.39072362714941655
977,2023-12-12 16:23:49.290826,16,1,2023,0.3049792668092426
692,2023-12-11 21:23:49.290826,21,0,2023,0.41316620617155786
1024,2023-12-12 19:23:49.290826,19,1,2023,0.3185451172100857
481,2023-12-11 07:23:49.290826,7,0,2023,0.7227874381756071
2,2023-12-09 23:23:49.290826,23,5,2023,0.3565050737627463
1516,2023-12-14 04:23:49.290826,4,3,2023,0.3141297698109832
597,2023-12-11 14:23:49.290826,14,0,2023,0.5536408482947078
1811,2023-12-14 23:23:49.290826,23,3,2023,0.6117909370466379
229,2023-12-10 14:23:49.290826,14,6,2023,0.3144445288712526
65,2023-12-10 03:23:49.290826,3,6,2023,0.4845502347992727
137,2023-12-10 08:23:49.290826,8,6,2023,0.4464751900940953
111,2023-12-10 06:23:49.290826,6,6,2023,0.3827724995405477
1599,2023-12-14 09:23:49.290826,9,3,2023,0.42383432510196195
721,2023-12-11 23:23:49.290826,23,0,2023,0.2527746397145645
1195,2023-12-13 06:23:49.290826,6,2,2023,0.5078465660262748
1865,2023-12-15 03:23:49.290826,3,4,2023,0.40034498679124686
844,2023-12-12 07:23:49.290826,7,1,2023,0.4016294976815239
1464,2023-12-14 00:23:49.290826,0,3,2023,0.37743772604934456
710,2023-12-11 22:23:49.290826,22,0,2023,0.4361728881552741
366,2023-12-10 23:23:49.290826,23,6,2023,0.5064488063997483
1850,2023-12-15 02:23:49.290826,2,4,2023,0.5007295589453393
1007,2023-12-12 18:23:49.290826,18,1,2023,0.3571466439319657
384,2023-12-11 00:23:49.290826,0,0,2023,0.5333842694288938
979,2023-12-12 16:23:49.290826,16,1,2023,0.5527016824449783
1076,2023-12-12 22:23:49.290826,22,1,2023,0.6201549110095184
794,2023-12-12 03:23:49.290826,3,1,2023,0.24848402033381703
773,2023-12-12 02:23:49.290826,2,1,2023,0.2560642026029597
1275,2023-12-13 12:23:49.290826,12,2,2023,0.4922132458342523
1364,2023-12-13 17:23:49.290826,17,2,2023,0.5770653157053905
123,2023-12-10 07:23:49.290826,7,6,2023,0.5282257557325551
1315,2023-12-13 14:23:49.290826,14,2,2023,0.39396008579788644
1161,2023-12-13 04:23:49.290826,4,2,2023,0.48634501039547184
1497,2023-12-14 02:23:49.290826,2,3,2023,0.6614620413442264
1385,2023-12-13 19:23:49.290826,19,2,2023,0.3262386876168769
991,2023-12-12 17:23:49.290826,17,1,2023,0.4407289842030009
1065,2023-12-12 22:23:49.290826,22,1,2023,0.45986350710590485
1221,2023-12-13 08:23:49.290826,8,2,2023,0.49864508037601873
1455,2023-12-14 00:23:49.290826,0,3,2023,0.45517636022681784
704,2023-12-11 21:23:49.290826,21,0,2023,0.545476950542229
1379,2023-12-13 18:23:49.290826,18,2,2023,0.2427259173849309
1460,2023-12-14 00:23:49.290826,0,3,2023,0.4361728881552741
1369,2023-12-13 18:23:49.290826,18,2,2023,0.2877038722044811
895,2023-12-12 10:23:49.290826,10,1,2023,0.5671117669800788
1237,2023-12-13 09:23:49.290826,9,2,2023,0.46539302145236616
1717,2023-12-14 17:23:49.290826,17,3,2023,0.42351976720336215
1239,2023-12-13 09:23:49.290826,9,2,2023,0.4297867039508483
766,2023-12-12 02:23:49.290826,2,1,2023,0.3141297698109832
518,2023-12-11 09:23:49.290826,9,0,2023,0.4829294845333144
746,2023-12-12 00:23:49.290826,0,1,2023,0.5271026568428416
1848,2023-12-15 02:23:49.290826,2,4,2023,0.35562778892638136
1472,2023-12-14 01:23:49.290826,1,3,2023,0.2585006862068254
908,2023-12-12 11:23:49.290826,11,1,2023,0.28897155071243064
1616,2023-12-14 10:23:49.290826,10,3,2023,0.4520095995049195
1102,2023-12-13 00:23:49.290826,0,2,2023,0.5778020353652756
94,2023-12-10 05:23:49.290826,5,6,2023,0.437591254904378
714,2023-12-11 22:23:49.290826,22,0,2023,0.37743772604934456
929,2023-12-12 12:23:49.290826,12,1,2023,0.8403492372792586
805,2023-12-12 04:23:49.290826,4,1,2023,0.588179891024813
670,2023-12-11 19:23:49.290826,19,0,2023,0.3592272575196368
1560,2023-12-14 07:23:49.290826,7,3,2023,0.38935629510696845
203,2023-12-10 12:23:49.290826,12,6,2023,0.45955552962461477
682,2023-12-11 20:23:49.290826,20,0,2023,0.37351231857517764
288,2023-12-10 18:23:49.290826,18,6,2023,0.305031240449688
1540,2023-12-14 05:23:49.290826,5,3,2023,0.561000081199398
134,2023-12-10 07:23:49.290826,7,6,2023,0.4765052573849381
89,2023-12-10 04:23:49.290826,4,6,2023,0.3209137707295171
982,2023-12-12 16:23:49.290826,16,1,2023,0.46332671577809303
1400,2023-12-13 20:23:49.290826,20,2,2023,0.5220427720248852
63,2023-12-10 03:23:49.290826,3,6,2023,0.6150445327680407
509,2023-12-11 08:23:49.290826,8,0,2023,0.32729679849670557
381,2023-12-11 00:23:49.290826,0,0,2023,0.6795152171014152
1011,2023-12-12 18:23:49.290826,18,1,2023,0.4485117717002278
771,2023-12-12 02:23:49.290826,2,1,2023,0.4250763372729327
607,2023-12-11 15:23:49.290826,15,0,2023,0.46332671577809303
59,2023-12-10 02:23:49.290826,2,6,2023,0.4059494006261717
510,2023-12-11 09:23:49.290826,9,0,2023,0.6753880088527969
1594,2023-12-14 09:23:49.290826,9,3,2023,0.4016294976815239
865,2023-12-12 08:23:49.290826,8,1,2023,0.499410102389489
268,2023-12-10 16:23:49.290826,16,6,2023,0.6865568801444379
1481,2023-12-14 01:23:49.290826,1,3,2023,0.45429302724425014
1167,2023-12-13 04:23:49.290826,4,2,2023,0.4406004472602837
19,2023-12-10 00:23:49.290826,0,6,2023,0.32774085462714
443,2023-12-11 04:23:49.290826,4,0,2023,0.507880456578692
1188,2023-12-13 06:23:49.290826,6,2,2023,0.28828038526470223
1180,2023-12-13 05:23:49.290826,5,2,2023,0.588179891024813
1187,2023-12-13 06:23:49.290826,6,2,2023,0.30094907216741396
781,2023-12-12 03:23:49.290826,3,1,2023,0.7180076633954452
399,2023-12-11 01:23:49.290826,1,0,2023,0.38016423175371883
520,2023-12-11 09:23:49.290826,9,0,2023,0.5671117669800788
1613,2023-12-14 10:23:49.290826,10,3,2023,0.8041317159298621
621,2023-12-11 16:23:49.290826,16,0,2023,0.3899524224513964
126,2023-12-10 07:23:49.290826,7,6,2023,0.6247274689726013
703,2023-12-11 21:23:49.290826,21,0,2023,0.5448812791426477
838,2023-12-12 06:23:49.290826,6,1,2023,0.38222548396239053
917,2023-12-12 12:23:49.290826,12,1,2023,0.7242826571200308
707,2023-12-11 22:23:49.290826,22,0,2023,0.4675884472797921
1774,2023-12-14 21:23:49.290826,21,3,2023,0.3185451172100857
1860,2023-12-15 03:23:49.290826,3,4,2023,0.5301119924101472
150,2023-12-10 09:23:49.290826,9,6,2023,0.09994662696850862
1458,2023-12-14 00:23:49.290826,0,3,2023,0.3614471456425865
1283,2023-12-13 12:23:49.290826,12,2,2023,0.28897155071243064
899,2023-12-12 10:23:49.290826,10,1,2023,0.49876692930625344
494,2023-12-11 07:23:49.290826,7,0,2023,0.562898369176701
1425,2023-12-13 22:23:49.290826,22,2,2023,0.3400440832749445
784,2023-12-12 03:23:49.290826,3,1,2023,0.5728521175633792
1062,2023-12-12 21:23:49.290826,21,1,2023,0.573256887419332
305,2023-12-10 19:23:49.290826,19,6,2023,0.48971731824415643
36,2023-12-10 01:23:49.290826,1,6,2023,0.10621071436758592
1800,2023-12-14 23:23:49.290826,23,3,2023,0.3400440832749445
548,2023-12-11 11:23:49.290826,11,0,2023,0.504992938449668
645,2023-12-11 18:23:49.290826,18,0,2023,0.6600706795799449
385,2023-12-11 00:23:49.290826,0,0,2023,0.3915774041610872
1324,2023-12-13 15:23:49.290826,15,2,2023,0.29578480238124916
729,2023-12-11 23:23:49.290826,23,0,2023,0.45422211210565155
1751,2023-12-14 19:23:49.290826,19,3,2023,0.5862884088887702
1291,2023-12-13 13:23:49.290826,13,2,2023,0.5727837848612932
572,2023-12-11 13:23:49.290826,13,0,2023,0.47857245638539436
218,2023-12-10 13:23:49.290826,13,6,2023,0.30739535284783537
1827,2023-12-15 00:23:49.290826,0,4,2023,0.5684988298229721
774,2023-12-12 02:23:49.290826,2,1,2023,0.38016423175371883
347,2023-12-10 22:23:49.290826,22,6,2023,0.7458528767920808
204,2023-12-10 12:23:49.290826,12,6,2023,0.29174137776681175
1859,2023-12-15 02:23:49.290826,2,4,2023,0.340292753652801
484,2023-12-11 07:23:49.290826,7,0,2023,0.44640850666446996
310,2023-12-10 19:23:49.290826,19,6,2023,0.4641850662081627
1232,2023-12-13 09:23:49.290826,9,2,2023,0.48151194191166746
209,2023-12-10 12:23:49.290826,12,6,2023,0.4816118807640697
1435,2023-12-13 22:23:49.290826,22,2,2023,0.42621745633038954
580,2023-12-11 13:23:49.290826,13,0,2023,0.32470294330721405
690,2023-12-11 21:23:49.290826,21,0,2023,0.45986350710590485
745,2023-12-12 00:23:49.290826,0,1,2023,0.46035777454375626
1085,2023-12-12 23:23:49.290826,23,1,2023,0.4361728881552741
121,2023-12-10 07:23:49.290826,7,6,2023,0.4174594707946847
1574,2023-12-14 07:23:49.290826,7,3,2023,0.08761239616893415
260,2023-12-10 16:23:49.290826,16,6,2023,0.523921431520237
1173,2023-12-13 05:23:49.290826,5,2,2023,0.5053406005808113
1711,2023-12-14 17:23:49.290826,17,3,2023,0.6169768398175937
1231,2023-12-13 09:23:49.290826,9,2,2023,0.7227874381756071
106,2023-12-10 06:23:49.290826,6,6,2023,0.21904754004587532
363,2023-12-10 23:23:49.290826,23,6,2023,0.6253215299012683
1278,2023-12-13 12:23:49.290826,12,2,2023,0.4896421778625635
743,2023-12-12 00:23:49.290826,0,1,2023,0.4706715518696013
80,2023-12-10 04:23:49.290826,4,6,2023,0.26771072802533724
419,2023-12-11 02:23:49.290826,2,0,2023,0.24848402033381703
1562,2023-12-14 07:23:49.290826,7,3,2023,0.30094907216741396
653,2023-12-11 18:23:49.290826,18,0,2023,0.46674231333659055
269,2023-12-10 16:23:49.290826,16,6,2023,0.37489226741325454
530,2023-12-11 10:23:49.290826,10,0,2023,0.35620472773391854
469,2023-12-11 06:23:49.290826,6,0,2023,0.4016294976815239
983,2023-12-12 16:23:49.290826,16,1,2023,0.365050383325061
1777,2023-12-14 21:23:49.290826,21,3,2023,0.3722936140716582
110,2023-12-10 06:23:49.290826,6,6,2023,0.7322423645036954
936,2023-12-12 13:23:49.290826,13,1,2023,0.523612288820131
1749,2023-12-14 19:23:49.290826,19,3,2023,0.5139906473113989
967,2023-12-12 15:23:49.290826,15,1,2023,0.42351976720336215
98,2023-12-10 05:23:49.290826,5,6,2023,0.4677790221665731
1143,2023-12-13 03:23:49.290826,3,2,2023,0.32890381295845295
765,2023-12-12 02:23:49.290826,2,1,2023,0.3776402949526235
1743,2023-12-14 19:23:49.290826,19,3,2023,0.5789432211987212
1163,2023-12-13 04:23:49.290826,4,2,2023,0.2696760088097523
1741,2023-12-14 19:23:49.290826,19,3,2023,0.4407289842030009
1154,2023-12-13 03:23:49.290826,3,2,2023,0.4157843355571649
839,2023-12-12 06:23:49.290826,6,1,2023,0.5292550594908059
1663,2023-12-14 13:23:49.290826,13,3,2023,0.34121587548533516
1185,2023-12-13 06:23:49.290826,6,2,2023,0.38935629510696845
1577,2023-12-14 08:23:49.290826,8,3,2023,0.4147533795551823
447,2023-12-11 04:23:49.290826,4,0,2023,0.45185252738927684
1515,2023-12-14 04:23:49.290826,4,3,2023,0.3776402949526235
1327,2023-12-13 15:23:49.290826,15,2,2023,0.6095741888927183
1215,2023-12-13 08:23:49.290826,8,2,2023,0.4705871778493802
1362,2023-12-13 17:23:49.290826,17,2,2023,0.4831861037237828
787,2023-12-12 03:23:49.290826,3,1,2023,0.18065934979277934
943,2023-12-12 13:23:49.290826,13,1,2023,0.2812981238049461
239,2023-12-10 14:23:49.290826,14,6,2023,0.5290058548047497
1091,2023-12-12 23:23:49.290826,23,1,2023,0.4912538942729736
429,2023-12-11 03:23:49.290826,3,0,2023,0.6022367587744766
882,2023-12-12 09:23:49.290826,9,1,2023,0.3071559043548151
454,2023-12-11 05:23:49.290826,5,0,2023,0.17672661856645203
1363,2023-12-13 17:23:49.290826,17,2,2023,0.36361450528143135
1779,2023-12-14 21:23:49.290826,21,3,2023,0.4025872869950732
133,2023-12-10 07:23:49.290826,7,6,2023,0.5783625797621398
1316,2023-12-13 14:23:49.290826,14,2,2023,0.5776243036079645
926,2023-12-12 12:23:49.290826,12,1,2023,0.45873551851360406
1159,2023-12-13 04:23:49.290826,4,2,2023,0.5728521175633792
1333,2023-12-13 15:23:49.290826,15,2,2023,0.5295060114905416
646,2023-12-11 18:23:49.290826,18,0,2023,0.25449753121899366
739,2023-12-12 00:23:49.290826,0,1,2023,0.5541883253142666
1529,2023-12-14 04:23:49.290826,4,3,2023,0.4157843355571649
411,2023-12-11 02:23:49.290826,2,0,2023,0.48634501039547184
1660,2023-12-14 13:23:49.290826,13,3,2023,0.31950747722501305
736,2023-12-12 00:23:49.290826,0,1,2023,0.6729640597621248
847,2023-12-12 07:23:49.290826,7,1,2023,0.4937021693717456
627,2023-12-11 16:23:49.290826,16,0,2023,0.7560508064722194
1099,2023-12-13 00:23:49.290826,0,2,2023,0.42681430609261894
681,2023-12-11 20:23:49.290826,20,0,2023,0.6370077503094874
606,2023-12-11 15:23:49.290826,15,0,2023,0.4874156328692627
1345,2023-12-13 16:23:49.290826,16,2,2023,0.78318675253795
874,2023-12-12 09:23:49.290826,9,1,2023,0.539628568486635
1200,2023-12-13 07:23:49.290826,7,2,2023,0.5727615610601582
1647,2023-12-14 12:23:49.290826,12,3,2023,0.2707655826874189
258,2023-12-10 16:23:49.290826,16,6,2023,0.2105485024570293
702,2023-12-11 21:23:49.290826,21,0,2023,0.5684988298229721
1236,2023-12-13 09:23:49.290826,9,2,2023,0.4531652092606643
438,2023-12-11 04:23:49.290826,4,0,2023,0.28828038526470223
1263,2023-12-13 11:23:49.290826,11,2,2023,0.5715795356319557
1051,2023-12-12 21:23:49.290826,21,1,2023,0.3779372345341302
92,2023-12-10 05:23:49.290826,5,6,2023,0.6811178755429728
506,2023-12-11 08:23:49.290826,8,0,2023,0.46656764313808063
698,2023-12-11 21:23:49.290826,21,0,2023,0.7518544537468363
884,2023-12-12 09:23:49.290826,9,1,2023,0.32729679849670557
302,2023-12-10 19:23:49.290826,19,6,2023,0.47425233947804213
91,2023-12-10 05:23:49.290826,5,6,2023,0.416814657151681
1759,2023-12-14 20:23:49.290826,20,3,2023,0.5660984008209472
686,2023-12-11 20:23:49.290826,20,0,2023,0.6117909370466379
1783,2023-12-14 21:23:49.290826,21,3,2023,0.28241502276055686
834,2023-12-12 06:23:49.290826,6,1,2023,0.3429340482323806
1492,2023-12-14 02:23:49.290826,2,3,2023,0.4586777949213279
814,2023-12-12 05:23:49.290826,5,1,2023,0.571439784414183
587,2023-12-11 14:23:49.290826,14,0,2023,0.5913828298635675
475,2023-12-11 06:23:49.290826,6,0,2023,0.25738608668932705
595,2023-12-11 14:23:49.290826,14,0,2023,0.78318675253795
237,2023-12-10 14:23:49.290826,14,6,2023,0.5268490475704039
515,2023-12-11 09:23:49.290826,9,0,2023,0.4889664288708787
13,2023-12-09 23:23:49.290826,23,5,2023,0.4895283105424938
1383,2023-12-13 19:23:49.290826,19,2,2023,0.5194653757561044
1461,2023-12-14 00:23:49.290826,0,3,2023,0.3405371499095783
1476,2023-12-14 01:23:49.290826,1,3,2023,0.6648751528673981
1606,2023-12-14 10:23:49.290826,10,3,2023,0.7227874381756071
374,2023-12-10 23:23:49.290826,23,6,2023,0.3677068988067327
829,2023-12-12 06:23:49.290826,6,1,2023,0.17672661856645203
1067,2023-12-12 22:23:49.290826,22,1,2023,0.41316620617155786
1815,2023-12-15 00:23:49.290826,0,4,2023,0.45986350710590485
460,2023-12-11 05:23:49.290826,5,0,2023,0.3861729275482594
328,2023-12-10 20:23:49.290826,20,6,2023,0.284518276458128
1234,2023-12-13 09:23:49.290826,9,2,2023,0.44640850666446996
939,2023-12-12 13:23:49.290826,13,1,2023,0.24336346207249984
1459,2023-12-14 00:23:49.290826,0,3,2023,0.5943597079866773
132,2023-12-10 07:23:49.290826,7,6,2023,0.46791809277758856
1307,2023-12-13 14:23:49.290826,14,2,2023,0.3059451930846343
147,2023-12-10 08:23:49.290826,8,6,2023,0.4844586464742503
170,2023-12-10 10:23:49.290826,10,6,2023,0.6068803266479638
843,2023-12-12 07:23:49.290826,7,1,2023,0.41071407861707154
54,2023-12-10 02:23:49.290826,2,6,2023,0.45685850037370646
251,2023-12-10 15:23:49.290826,15,6,2023,0.5024305654309059
792,2023-12-12 03:23:49.290826,3,1,2023,0.4406004472602837
1872,2023-12-15 03:23:49.290826,3,4,2023,0.6614620413442264
254,2023-12-10 15:23:49.290826,15,6,2023,0.3816841668909108
872,2023-12-12 09:23:49.290826,9,1,2023,0.6546465205057475
361,2023-12-10 23:23:49.290826,23,6,2023,0.3179396536736001
449,2023-12-11 04:23:49.290826,4,0,2023,0.08761239616893415
1125,2023-12-13 02:23:49.290826,2,2,2023,0.5269216393004287
1069,2023-12-12 22:23:49.290826,22,1,2023,0.438557203058344
1396,2023-12-13 20:23:49.290826,20,2,2023,0.25449753121899366
1679,2023-12-14 14:23:49.290826,14,3,2023,0.8403492372792586
1667,2023-12-14 14:23:49.290826,14,3,2023,0.7242826571200308
1240,2023-12-13 09:23:49.290826,9,2,2023,0.499410102389489
1614,2023-12-14 10:23:49.290826,10,3,2023,0.4297867039508483
1412,2023-12-13 21:23:49.290826,21,2,2023,0.5398343921298504
855,2023-12-12 08:23:49.290826,8,1,2023,0.5138594301842706
1840,2023-12-15 01:23:49.290826,1,4,2023,0.3409990616330323
1728,2023-12-14 18:23:49.290826,18,3,2023,0.3560704887445525
244,2023-12-10 15:23:49.290826,15,6,2023,0.40662456742960706
318,2023-12-10 20:23:49.290826,20,6,2023,0.4842570975338666
397,2023-12-11 01:23:49.290826,1,0,2023,0.466421777577232
1499,2023-12-14 02:23:49.290826,2,3,2023,0.7604243990311229
1035,2023-12-12 20:23:49.290826,20,1,2023,0.18172818621891954
1256,2023-12-13 10:23:49.290826,10,2,2023,0.46656764313808063
140,2023-12-10 08:23:49.290826,8,6,2023,0.2615280100745073
1386,2023-12-13 19:23:49.290826,19,2,2023,0.4485117717002278
927,2023-12-12 12:23:49.290826,12,1,2023,0.661799011989319
762,2023-12-12 01:23:49.290826,1,1,2023,0.4910107394646577
1052,2023-12-12 21:23:49.290826,21,1,2023,0.5622443758967164
1222,2023-12-13 08:23:49.290826,8,2,2023,0.4937021693717456
700,2023-12-11 21:23:49.290826,21,0,2023,0.28574556828261
75,2023-12-10 04:23:49.290826,4,6,2023,0.5857118193281016
161,2023-12-10 09:23:49.290826,9,6,2023,0.5754161960838864
821,2023-12-12 05:23:49.290826,5,1,2023,0.6737108393415698
108,2023-12-10 06:23:49.290826,6,6,2023,0.2658331192259833
232,2023-12-10 14:23:49.290826,14,6,2023,0.5506336546678383
613,2023-12-11 15:23:49.290826,15,0,2023,0.36361450528143135
1693,2023-12-14 15:23:49.290826,15,3,2023,0.2812981238049461
677,2023-12-11 20:23:49.290826,20,0,2023,0.5622443758967164
644,2023-12-11 17:23:49.290826,17,0,2023,0.4753324602692557
761,2023-12-12 01:23:49.290826,1,1,2023,0.3912514863236355
1046,2023-12-12 20:23:49.290826,20,1,2023,0.583714110237573
379,2023-12-11 00:23:49.290826,0,0,2023,0.4238954695512579
1182,2023-12-13 05:23:49.290826,5,2,2023,0.41331483612870923
346,2023-12-10 22:23:49.290826,22,6,2023,0.3555340152716876
224,2023-12-10 13:23:49.290826,13,6,2023,0.6523283761043087
155,2023-12-10 09:23:49.290826,9,6,2023,0.3617611706057584
389,2023-12-11 00:23:49.290826,0,0,2023,0.2137510230462398
596,2023-12-11 14:23:49.290826,14,0,2023,0.19368513870154344
1744,2023-12-14 19:23:49.290826,19,3,2023,0.2877038722044811
1818,2023-12-15 00:23:49.290826,0,4,2023,0.502598573475341
880,2023-12-12 09:23:49.290826,9,1,2023,0.2383146585365943
467,2023-12-11 06:23:49.290826,6,0,2023,0.3579383513843415
744,2023-12-12 00:23:49.290826,0,1,2023,0.3479359970463617
849,2023-12-12 07:23:49.290826,7,1,2023,0.42383432510196195
629,2023-12-11 16:23:49.290826,16,0,2023,0.2427259173849309
1681,2023-12-14 15:23:49.290826,15,3,2023,0.33607417206319756
1688,2023-12-14 15:23:49.290826,15,3,2023,0.33753510243479456
1039,2023-12-12 20:23:49.290826,20,1,2023,0.3691243659228668
873,2023-12-12 09:23:49.290826,9,1,2023,0.259291877708009
14,2023-12-09 23:23:49.290826,23,5,2023,0.5480346093316425
1110,2023-12-13 01:23:49.290826,1,2,2023,0.5301119924101472
1701,2023-12-14 16:23:49.290826,16,3,2023,0.5359532693987472
352,2023-12-10 22:23:49.290826,22,6,2023,0.6094238598680342
1502,2023-12-14 03:23:49.290826,3,3,2023,0.5482036254822696
344,2023-12-10 21:23:49.290826,21,6,2023,0.424836703815494
688,2023-12-11 20:23:49.290826,20,0,2023,0.5715784669301963
592,2023-12-11 14:23:49.290826,14,0,2023,0.42351976720336215
151,2023-12-10 09:23:49.290826,9,6,2023,0.5530501095009923
693,2023-12-11 21:23:49.290826,21,0,2023,0.502598573475341
601,2023-12-11 15:23:49.290826,15,0,2023,0.46596389963420315
1658,2023-12-14 13:23:49.290826,13,3,2023,0.28897155071243064
281,2023-12-10 17:23:49.290826,17,6,2023,0.5526099484049859
1060,2023-12-12 21:23:49.290826,21,1,2023,0.42621745633038954
1631,2023-12-14 11:23:49.290826,11,3,2023,0.46656764313808063
1252,2023-12-13 10:23:49.290826,10,2,2023,0.3770750001932798
634,2023-12-11 17:23:49.290826,17,0,2023,0.5660984008209472
1183,2023-12-13 05:23:49.290826,5,2,2023,0.5035990076570305
1417,2023-12-13 21:23:49.290826,21,2,2023,0.37382337471491944
1847,2023-12-15 02:23:49.290826,2,4,2023,0.2585006862068254
238,2023-12-10 14:23:49.290826,14,6,2023,0.3814422150426727
192,2023-12-10 11:23:49.290826,11,6,2023,0.34343124623378873
1217,2023-12-13 08:23:49.290826,8,2,2023,0.3579383513843415
620,2023-12-11 16:23:49.290826,16,0,2023,0.4097500117478242
1607,2023-12-14 10:23:49.290826,10,3,2023,0.48151194191166746
911,2023-12-12 11:23:49.290826,11,1,2023,0.5678534829136018
84,2023-12-10 04:23:49.290826,4,6,2023,0.7101253162290206
1087,2023-12-12 23:23:49.290826,23,1,2023,0.41159881303760626
311,2023-12-10 19:23:49.290826,19,6,2023,0.4891940513501185
212,2023-12-10 13:23:49.290826,13,6,2023,0.4754998396999829
1309,2023-12-13 14:23:49.290826,14,2,2023,0.42540246012915095
1214,2023-12-13 07:23:49.290826,7,2,2023,0.5292550594908059
1737,2023-12-14 18:23:49.290826,18,3,2023,0.4831861037237828
1025,2023-12-12 19:23:49.290826,19,1,2023,0.5220427720248852
1321,2023-12-13 15:23:49.290826,15,2,2023,0.33231044437984714
226,2023-12-10 14:23:49.290826,14,6,2023,0.08995353219936555
1640,2023-12-14 12:23:49.290826,12,3,2023,0.4889664288708787
651,2023-12-11 18:23:49.290826,18,0,2023,0.4849630113755643
546,2023-12-11 11:23:49.290826,11,0,2023,0.34190265786330387
1642,2023-12-14 12:23:49.290826,12,3,2023,0.23030509935129942
1689,2023-12-14 15:23:49.290826,15,3,2023,0.24336346207249984
1770,2023-12-14 21:23:49.290826,21,3,2023,0.6600706795799449
1496,2023-12-14 02:23:49.290826,2,3,2023,0.5271026568428416
1248,2023-12-13 10:23:49.290826,10,2,2023,0.259291877708009
1349,2023-12-13 16:23:49.290826,16,2,2023,0.39037721042267026
1657,2023-12-14 13:23:49.290826,13,3,2023,0.5236962043031255
1326,2023-12-13 15:23:49.290826,15,2,2023,0.5359532693987472
1271,2023-12-13 11:23:49.290826,11,2,2023,0.2825369269177751
3,2023-12-09 23:23:49.290826,23,5,2023,0.6241898350855267
1729,2023-12-14 18:23:49.290826,18,3,2023,0.5527016824449783
803,2023-12-12 04:23:49.290826,4,1,2023,0.5431271869150884
815,2023-12-12 05:23:49.290826,5,1,2023,0.6480840324822575
1122,2023-12-13 01:23:49.290826,1,2,2023,0.6614620413442264
72,2023-12-10 03:23:49.290826,3,6,2023,0.37383649921030315
1072,2023-12-12 22:23:49.290826,22,1,2023,0.3415628779555887
800,2023-12-12 04:23:49.290826,4,1,2023,0.5025869604069414
157,2023-12-10 09:23:49.290826,9,6,2023,0.737640471494116
1755,2023-12-14 20:23:49.290826,20,3,2023,0.38864303941836476
1086,2023-12-12 23:23:49.290826,23,1,2023,0.3405371499095783
1565,2023-12-14 07:23:49.290826,7,3,2023,0.6480840324822575
1322,2023-12-13 15:23:49.290826,15,2,2023,0.47857245638539436
1389,2023-12-13 19:23:49.290826,19,2,2023,0.42129964495229255
1319,2023-12-13 14:23:49.290826,14,2,2023,0.4813150308303451
890,2023-12-12 10:23:49.290826,10,1,2023,0.4889664288708787
1228,2023-12-13 08:23:49.290826,8,2,2023,0.34381032884926566
210,2023-12-10 13:23:49.290826,13,6,2023,0.26847226037656735
167,2023-12-10 10:23:49.290826,10,6,2023,0.5169314354573625
1505,2023-12-14 03:23:49.290826,3,3,2023,0.42389778386995847
1517,2023-12-14 04:23:49.290826,4,3,2023,0.5012003465895105
1552,2023-12-14 06:23:49.290826,6,3,2023,0.3614809363453866
860,2023-12-12 08:23:49.290826,8,1,2023,0.18642463247137278
791,2023-12-12 03:23:49.290826,3,1,2023,0.4810595127925691
1084,2023-12-12 23:23:49.290826,23,1,2023,0.5943597079866773
668,2023-12-11 19:23:49.290826,19,0,2023,0.5766662124855059
324,2023-12-10 20:23:49.290826,20,6,2023,0.3066017432579604
1337,2023-12-13 16:23:49.290826,16,2,2023,0.5913828298635675
173,2023-12-10 10:23:49.290826,10,6,2023,0.5195187869778265
1687,2023-12-14 15:23:49.290826,15,3,2023,0.4466364462438075
1805,2023-12-14 23:23:49.290826,23,3,2023,0.4734416798649488
1503,2023-12-14 03:23:49.290826,3,3,2023,0.6715954301885616
678,2023-12-11 20:23:49.290826,20,0,2023,0.5429430843463445
1474,2023-12-14 01:23:49.290826,1,3,2023,0.42681430609261894
1320,2023-12-13 15:23:49.290826,15,2,2023,0.5112186802303001
1073,2023-12-12 22:23:49.290826,22,1,2023,0.7518544537468363
1589,2023-12-14 08:23:49.290826,8,3,2023,0.5292550594908059
1523,2023-12-14 04:23:49.290826,4,3,2023,0.2560642026029597
12,2023-12-09 23:23:49.290826,23,5,2023,0.40361712898093627
486,2023-12-11 07:23:49.290826,7,0,2023,0.4531652092606643
1768,2023-12-14 20:23:49.290826,20,3,2023,0.3948721898909987
456,2023-12-11 05:23:49.290826,5,0,2023,0.5072428114868578
1053,2023-12-12 21:23:49.290826,21,1,2023,0.5429430843463445
1132,2023-12-13 02:23:49.290826,2,2,2023,0.5650835537018235
894,2023-12-12 10:23:49.290826,10,1,2023,0.4935368919366284
182,2023-12-10 11:23:49.290826,11,6,2023,0.27698946256102686
1418,2023-12-13 21:23:49.290826,21,2,2023,0.5766662124855059
262,2023-12-10 16:23:49.290826,16,6,2023,0.5167270767023909
980,2023-12-12 16:23:49.290826,16,1,2023,0.3539471556546271
735,2023-12-12 00:23:49.290826,0,1,2023,0.5301119924101472
1624,2023-12-14 11:23:49.290826,11,3,2023,0.539628568486635
1655,2023-12-14 13:23:49.290826,13,3,2023,0.35620472773391854
1856,2023-12-15 02:23:49.290826,2,4,2023,0.45429302724425014
49,2023-12-10 02:23:49.290826,2,6,2023,0.6120791449367435
850,2023-12-12 07:23:49.290826,7,1,2023,0.25738608668932705
772,2023-12-12 02:23:49.290826,2,1,2023,0.466421777577232
317,2023-12-10 20:23:49.290826,20,6,2023,0.5021220260954462
1651,2023-12-14 13:23:49.290826,13,3,2023,0.5057395180314679
1780,2023-12-14 21:23:49.290826,21,3,2023,0.4729046008283647
570,2023-12-11 13:23:49.290826,13,0,2023,0.5112186802303001
1359,2023-12-13 17:23:49.290826,17,2,2023,0.759122119681115
1037,2023-12-12 20:23:49.290826,20,1,2023,0.5398343921298504
249,2023-12-10 15:23:49.290826,15,6,2023,0.3861691004786978
1157,2023-12-13 04:23:49.290826,4,2,2023,0.4550000912534423
1842,2023-12-15 01:23:49.290826,1,4,2023,0.49143423820131904
767,2023-12-12 02:23:49.290826,2,1,2023,0.5012003465895105
142,2023-12-10 08:23:49.290826,8,6,2023,0.6668143823072391
1707,2023-12-14 16:23:49.290826,16,3,2023,0.5293281519470108
560,2023-12-11 12:23:49.290826,12,0,2023,0.557551238524466
1696,2023-12-14 16:23:49.290826,16,3,2023,0.33231044437984714
1742,2023-12-14 19:23:49.290826,19,3,2023,0.5280878540358181
118,2023-12-10 06:23:49.290826,6,6,2023,0.7116527792254893
1871,2023-12-15 03:23:49.290826,3,4,2023,0.5271026568428416
292,2023-12-10 18:23:49.290826,18,6,2023,0.663632502864022
1166,2023-12-13 04:23:49.290826,4,2,2023,0.4810595127925691
848,2023-12-12 07:23:49.290826,7,1,2023,0.45762353140680023
1447,2023-12-13 23:23:49.290826,23,2,2023,0.3415628779555887
1312,2023-12-13 14:23:49.290826,14,2,2023,0.4466364462438075
1118,2023-12-13 01:23:49.290826,1,2,2023,0.4706715518696013
1040,2023-12-12 20:23:49.290826,20,1,2023,0.4275649266497452
1579,2023-12-14 08:23:49.290826,8,3,2023,0.17672661856645203
754,2023-12-12 01:23:49.290826,1,1,2023,0.4238954695512579
722,2023-12-11 23:23:49.290826,23,0,2023,0.2585006862068254
1117,2023-12-13 01:23:49.290826,1,2,2023,0.4586777949213279
1001,2023-12-12 17:23:49.290826,17,1,2023,0.5862884088887702
790,2023-12-12 03:23:49.290826,3,1,2023,0.561000081199398
1784,2023-12-14 21:23:49.290826,21,3,2023,0.7575840993163806
227,2023-12-10 14:23:49.290826,14,6,2023,0.4059708560464963
1601,2023-12-14 09:23:49.290826,9,3,2023,0.39760677787085696
569,2023-12-11 12:23:49.290826,12,0,2023,0.4813150308303451
115,2023-12-10 06:23:49.290826,6,6,2023,0.44598596008230196
349,2023-12-10 22:23:49.290826,22,6,2023,0.567155061285798
275,2023-12-10 17:23:49.290826,17,6,2023,0.6679870037087692
235,2023-12-10 14:23:49.290826,14,6,2023,0.4108049764313202
368,2023-12-10 23:23:49.290826,23,6,2023,0.4635188587695258
533,2023-12-11 10:23:49.290826,10,0,2023,0.28897155071243064
128,2023-12-10 07:23:49.290826,7,6,2023,0.601671032831749
114,2023-12-10 06:23:49.290826,6,6,2023,0.47537821851330153
799,2023-12-12 04:23:49.290826,4,1,2023,0.20837713960484502
1177,2023-12-13 05:23:49.290826,5,2,2023,0.3614809363453866
1233,2023-12-13 09:23:49.290826,9,2,2023,0.4932081064968059
1785,2023-12-14 22:23:49.290826,22,3,2023,0.18172818621891954
813,2023-12-12 05:23:49.290826,5,1,2023,0.28828038526470223
1608,2023-12-14 10:23:49.290826,10,3,2023,0.4932081064968059
1760,2023-12-14 20:23:49.290826,20,3,2023,0.3262386876168769
687,2023-12-11 20:23:49.290826,20,0,2023,0.573256887419332
832,2023-12-12 06:23:49.290826,6,1,2023,0.665232895778346
935,2023-12-12 13:23:49.290826,13,1,2023,0.557551238524466
470,2023-12-11 06:23:49.290826,6,0,2023,0.250599476311948
1194,2023-12-13 06:23:49.290826,6,2,2023,0.36596391505171233
797,2023-12-12 04:23:49.290826,4,1,2023,0.6059191252854249
1361,2023-12-13 17:23:49.290826,17,2,2023,0.1714300752552261
488,2023-12-11 07:23:49.290826,7,0,2023,0.8041317159298621
362,2023-12-10 23:23:49.290826,23,6,2023,0.4168470157244957
1334,2023-12-13 15:23:49.290826,15,2,2023,1.0
228,2023-12-10 14:23:49.290826,14,6,2023,0.4478550468630538
233,2023-12-10 14:23:49.290826,14,6,2023,0.3265722593098598
1825,2023-12-15 00:23:49.290826,0,4,2023,0.28574556828261
715,2023-12-11 22:23:49.290826,22,0,2023,0.3409990616330323
1570,2023-12-14 07:23:49.290826,7,3,2023,0.5078465660262748
1585,2023-12-14 08:23:49.290826,8,3,2023,0.3861729275482594
316,2023-12-10 20:23:49.290826,20,6,2023,0.6418454791567051
753,2023-12-12 01:23:49.290826,1,1,2023,0.6715954301885616
1268,2023-12-13 11:23:49.290826,11,2,2023,0.4829294845333144
888,2023-12-12 10:23:49.290826,10,1,2023,0.5715795356319557
779,2023-12-12 02:23:49.290826,2,1,2023,0.4157843355571649
1300,2023-12-13 13:23:49.290826,13,2,2023,0.5735059571034631
471,2023-12-11 06:23:49.290826,6,0,2023,0.49864508037601873
82,2023-12-10 04:23:49.290826,4,6,2023,0.4359033746818749
1297,2023-12-13 13:23:49.290826,13,2,2023,0.44603413478884557
955,2023-12-12 14:23:49.290826,14,1,2023,0.32470294330721405
1170,2023-12-13 05:23:49.290826,5,2,2023,0.3554304408332002
95,2023-12-10 05:23:49.290826,5,6,2023,0.38368641343083454
1175,2023-12-13 05:23:49.290826,5,2,2023,0.5025869604069414
1080,2023-12-12 23:23:49.290826,23,1,2023,0.45517636022681784
410,2023-12-11 02:23:49.290826,2,0,2023,0.2848074461681168
995,2023-12-12 17:23:49.290826,17,1,2023,0.4097500117478242
910,2023-12-12 11:23:49.290826,11,1,2023,0.31950747722501305
1674,2023-12-14 14:23:49.290826,14,3,2023,0.49590621923462586
1411,2023-12-13 21:23:49.290826,21,2,2023,0.43550644971254837
538,2023-12-11 10:23:49.290826,10,0,2023,0.34121587548533516
380,2023-12-11 00:23:49.290826,0,0,2023,0.42389778386995847
526,2023-12-11 10:23:49.290826,10,0,2023,0.5057395180314679
1332,2023-12-13 15:23:49.290826,15,2,2023,0.5293281519470108
1088,2023-12-12 23:23:49.290826,23,1,2023,0.5151112766636674
946,2023-12-12 14:23:49.290826,14,1,2023,0.33231044437984714
1329,2023-12-13 15:23:49.290826,15,2,2023,0.26270063141832245
1454,2023-12-13 23:23:49.290826,23,2,2023,0.545476950542229
87,2023-12-10 04:23:49.290826,4,6,2023,0.31222138391263266
689,2023-12-11 20:23:49.290826,20,0,2023,0.640928516583855
1456,2023-12-14 00:23:49.290826,0,3,2023,0.330421955869435
727,2023-12-11 23:23:49.290826,23,0,2023,0.5778020353652756
1510,2023-12-14 03:23:49.290826,3,3,2023,0.3915774041610872
1393,2023-12-13 19:23:49.290826,19,2,2023,0.3948721898909987
657,2023-12-11 18:23:49.290826,18,0,2023,0.6804743377328555
1009,2023-12-12 18:23:49.290826,18,1,2023,0.5660984008209472
521,2023-12-11 09:23:49.290826,9,0,2023,0.2825369269177751
431,2023-12-11 03:23:49.290826,3,0,2023,0.3386030748191363
1340,2023-12-13 16:23:49.290826,16,2,2023,0.5638902198908596
116,2023-12-10 06:23:49.290826,6,6,2023,0.2884090659289099
183,2023-12-10 11:23:49.290826,11,6,2023,0.2752974407251596
630,2023-12-11 17:23:49.290826,17,0,2023,0.38864303941836476
458,2023-12-11 05:23:49.290826,5,0,2023,0.3838451607860782
818,2023-12-12 05:23:49.290826,5,1,2023,0.507880456578692
1699,2023-12-14 16:23:49.290826,16,3,2023,0.29578480238124916
270,2023-12-10 17:23:49.290826,17,6,2023,0.2914276453932214
1381,2023-12-13 19:23:49.290826,19,2,2023,0.6354918568256558
1168,2023-12-13 04:23:49.290826,4,2,2023,0.4144578699035114
117,2023-12-10 06:23:49.290826,6,6,2023,0.6614315846834647
1522,2023-12-14 04:23:49.290826,4,3,2023,0.466421777577232
1149,2023-12-13 03:23:49.290826,3,2,2023,0.38016423175371883
1583,2023-12-14 08:23:49.290826,8,3,2023,0.3838451607860782
496,2023-12-11 08:23:49.290826,8,0,2023,0.32871162526487396
461,2023-12-11 05:23:49.290826,5,0,2023,0.5859416609668437
603,2023-12-11 15:23:49.290826,15,0,2023,0.3560704887445525
1246,2023-12-13 10:23:49.290826,10,2,2023,0.32871162526487396
809,2023-12-12 04:23:49.290826,4,1,2023,0.5944196732777295
459,2023-12-11 05:23:49.290826,5,0,2023,0.3429340482323806
1365,2023-12-13 18:23:49.290826,18,2,2023,0.34518565058552864
1568,2023-12-14 07:23:49.290826,7,3,2023,0.507880456578692
1101,2023-12-13 00:23:49.290826,0,2,2023,0.6648751528673981
1137,2023-12-13 02:23:49.290826,2,2,2023,0.4910107394646577
428,2023-12-11 03:23:49.290826,3,0,2023,0.5431271869150884
1126,2023-12-13 02:23:49.290826,2,2,2023,0.4374123978508313
1535,2023-12-14 05:23:49.290826,5,3,2023,0.2848074461681168
706,2023-12-11 22:23:49.290826,22,0,2023,0.330421955869435
220,2023-12-10 13:23:49.290826,13,6,2023,0.2758223000960751
264,2023-12-10 16:23:49.290826,16,6,2023,0.14441058212163319
671,2023-12-11 19:23:49.290826,19,0,2023,0.583714110237573
480,2023-12-11 07:23:49.290826,7,0,2023,0.5138594301842706
383,2023-12-11 00:23:49.290826,0,0,2023,0.39072362714941655
1817,2023-12-15 00:23:49.290826,0,4,2023,0.41316620617155786
124,2023-12-10 07:23:49.290826,7,6,2023,0.3542423952452304
891,2023-12-12 10:23:49.290826,10,1,2023,0.6411630735901082
1261,2023-12-13 11:23:49.290826,11,2,2023,0.3464920288804231
638,2023-12-11 17:23:49.290826,17,0,2023,0.31250071386163414
913,2023-12-12 11:23:49.290826,11,1,2023,0.34121587548533516
512,2023-12-11 09:23:49.290826,9,0,2023,0.4115035671024425
113,2023-12-10 06:23:49.290826,6,6,2023,0.5133562625924252
1265,2023-12-13 11:23:49.290826,11,2,2023,0.4889664288708787
1706,2023-12-14 16:23:49.290826,16,3,2023,0.5295042608421858
200,2023-12-10 12:23:49.290826,12,6,2023,0.7462983136734702
1857,2023-12-15 02:23:49.290826,2,4,2023,0.4162121775889387
197,2023-12-10 12:23:49.290826,12,6,2023,0.43890797459198394
542,2023-12-11 11:23:49.290826,11,0,2023,0.7242826571200308
27,2023-12-10 00:23:49.290826,0,6,2023,0.1534936530781462
1431,2023-12-13 22:23:49.290826,22,2,2023,0.6370077503094874
1354,2023-12-13 17:23:49.290826,17,2,2023,0.5527016824449783
221,2023-12-10 13:23:49.290826,13,6,2023,0.5947397216197179
691,2023-12-11 21:23:49.290826,21,0,2023,0.5530336845239873
841,2023-12-12 07:23:49.290826,7,1,2023,0.5934470009170313
1532,2023-12-14 05:23:49.290826,5,3,2023,0.4550000912534423
51,2023-12-10 02:23:49.290826,2,6,2023,0.5318965549513677
1781,2023-12-14 21:23:49.290826,21,3,2023,0.5502394499537661
291,2023-12-10 18:23:49.290826,18,6,2023,0.5537544098420982
69,2023-12-10 03:23:49.290826,3,6,2023,0.612509923819934
342,2023-12-10 21:23:49.290826,21,6,2023,0.5988724805172787
202,2023-12-10 12:23:49.290826,12,6,2023,0.40385777944253864
1721,2023-12-14 17:23:49.290826,17,3,2023,0.19368513870154344
885,2023-12-12 10:23:49.290826,10,1,2023,0.6753880088527969
1360,2023-12-13 17:23:49.290826,17,2,2023,0.5462626164531948
145,2023-12-10 08:23:49.290826,8,6,2023,0.5261766856548001
1144,2023-12-13 03:23:49.290826,3,2,2023,0.25781842968631763
1219,2023-12-13 08:23:49.290826,8,2,2023,0.4016294976815239
1675,2023-12-14 14:23:49.290826,14,3,2023,0.5735059571034631
971,2023-12-12 15:23:49.290826,15,1,2023,0.19368513870154344
567,2023-12-11 12:23:49.290826,12,0,2023,0.487082274278685
584,2023-12-11 13:23:49.290826,13,0,2023,1.0
924,2023-12-12 12:23:49.290826,12,1,2023,0.49590621923462586
1832,2023-12-15 01:23:49.290826,1,4,2023,0.4675884472797921
279,2023-12-10 17:23:49.290826,17,6,2023,0.7523416579607319
740,2023-12-12 00:23:49.290826,0,1,2023,0.40034498679124686
359,2023-12-10 22:23:49.290826,22,6,2023,0.5545705870218604
968,2023-12-12 15:23:49.290826,15,1,2023,0.3884838238631043
1819,2023-12-15 00:23:49.290826,0,4,2023,0.438557203058344
41,2023-12-10 01:23:49.290826,1,6,2023,0.6932141496808695
86,2023-12-10 04:23:49.290826,4,6,2023,0.42269334049933815
974,2023-12-12 15:23:49.290826,15,1,2023,0.39037721042267026
876,2023-12-12 09:23:49.290826,9,1,2023,0.3172725381896835
941,2023-12-12 13:23:49.290826,13,1,2023,0.5776243036079645
1544,2023-12-14 05:23:49.290826,5,3,2023,0.24848402033381703
997,2023-12-12 17:23:49.290826,17,1,2023,0.36480667240698095
355,2023-12-10 22:23:49.290826,22,6,2023,0.46169936439179393
696,2023-12-11 21:23:49.290826,21,0,2023,0.5407985618619788
402,2023-12-11 01:23:49.290826,1,0,2023,0.5098626944720979
207,2023-12-10 12:23:49.290826,12,6,2023,0.4789909259075684
1311,2023-12-13 14:23:49.290826,14,2,2023,0.523612288820131
513,2023-12-11 09:23:49.290826,9,0,2023,0.5715795356319557
400,2023-12-11 01:23:49.290826,1,0,2023,0.47253883314171885
247,2023-12-10 15:23:49.290826,15,6,2023,0.4632775008131399
1673,2023-12-14 14:23:49.290826,14,3,2023,0.504992938449668
1262,2023-12-13 11:23:49.290826,11,2,2023,0.4115035671024425
1050,2023-12-12 21:23:49.290826,21,1,2023,0.3400440832749445
1430,2023-12-13 22:23:49.290826,22,2,2023,0.4734416798649488
757,2023-12-12 01:23:49.290826,1,1,2023,0.5650835537018235
1254,2023-12-13 10:23:49.290826,10,2,2023,0.3859306649580516
1686,2023-12-14 15:23:49.290826,15,3,2023,0.523612288820131
1814,2023-12-14 23:23:49.290826,23,3,2023,0.640928516583855
875,2023-12-12 09:23:49.290826,9,1,2023,0.7656785820649562
763,2023-12-12 01:23:49.290826,1,1,2023,0.1871986628556833
444,2023-12-11 04:23:49.290826,4,0,2023,0.36596391505171233
864,2023-12-12 08:23:49.290826,8,1,2023,0.4297867039508483
1150,2023-12-13 03:23:49.290826,3,2,2023,0.47253883314171885
563,2023-12-11 12:23:49.290826,12,0,2023,0.33753510243479456
1123,2023-12-13 01:23:49.290826,1,2,2023,0.5921255791531761
148,2023-12-10 08:23:49.290826,8,6,2023,0.4429690804599623
583,2023-12-11 13:23:49.290826,13,0,2023,0.5295060114905416
1302,2023-12-13 13:23:49.290826,13,2,2023,0.661799011989319
1018,2023-12-12 18:23:49.290826,18,1,2023,0.3948721898909987
1016,2023-12-12 18:23:49.290826,18,1,2023,0.6870143004384246
307,2023-12-10 19:23:49.290826,19,6,2023,0.14820211564416788
1816,2023-12-15 00:23:49.290826,0,4,2023,0.5530336845239873
1306,2023-12-13 14:23:49.290826,14,2,2023,0.33607417206319756
1863,2023-12-15 03:23:49.290826,3,4,2023,0.5135296958875203
17,2023-12-10 00:23:49.290826,0,6,2023,0.5811496403322655
55,2023-12-10 02:23:49.290826,2,6,2023,0.2903007547349925
231,2023-12-10 14:23:49.290826,14,6,2023,0.6726054870868364
776,2023-12-12 02:23:49.290826,2,1,2023,0.29465380704517286
327,2023-12-10 20:23:49.290826,20,6,2023,0.7276058208324653
1590,2023-12-14 09:23:49.290826,9,3,2023,0.4705871778493802
1720,2023-12-14 17:23:49.290826,17,3,2023,0.78318675253795
1724,2023-12-14 17:23:49.290826,17,3,2023,0.39037721042267026
576,2023-12-11 13:23:49.290826,13,0,2023,0.5359532693987472
1131,2023-12-13 02:23:49.290826,2,2,2023,0.6795152171014152
382,2023-12-11 00:23:49.290826,0,0,2023,0.5650835537018235
1807,2023-12-14 23:23:49.290826,23,3,2023,0.37351231857517764
1873,2023-12-15 03:23:49.290826,3,4,2023,0.5921255791531761
928,2023-12-12 12:23:49.290826,12,1,2023,0.41959557336541264
353,2023-12-10 22:23:49.290826,22,6,2023,0.26666076125142724
28,2023-12-10 00:23:49.290826,0,6,2023,0.5804516019566192
1582,2023-12-14 08:23:49.290826,8,3,2023,0.665232895778346
5,2023-12-09 23:23:49.290826,23,5,2023,0.4233376654575245
1310,2023-12-13 14:23:49.290826,14,2,2023,0.557551238524466
1766,2023-12-14 20:23:49.290826,20,3,2023,0.6870143004384246
1501,2023-12-14 03:23:49.290826,3,3,2023,0.4374123978508313
1708,2023-12-14 16:23:49.290826,16,3,2023,0.5295060114905416
104,2023-12-10 05:23:49.290826,5,6,2023,0.3187970803656762
1190,2023-12-13 06:23:49.290826,6,2,2023,0.6480840324822575
485,2023-12-11 07:23:49.290826,7,0,2023,0.18642463247137278
73,2023-12-10 03:23:49.290826,3,6,2023,0.302946724214742
1289,2023-12-13 12:23:49.290826,12,2,2023,0.5927042800040043
274,2023-12-10 17:23:49.290826,17,6,2023,0.30870563707243937
1255,2023-12-13 10:23:49.290826,10,2,2023,0.2383146585365943
1548,2023-12-14 06:23:49.290826,6,3,2023,0.5053406005808113
611,2023-12-11 15:23:49.290826,15,0,2023,0.1714300752552261
7,2023-12-09 23:23:49.290826,23,5,2023,0.32938445872804023
1550,2023-12-14 06:23:49.290826,6,3,2023,0.5025869604069414
33,2023-12-10 01:23:49.290826,1,6,2023,0.36841469759840817
1158,2023-12-13 04:23:49.290826,4,2,2023,0.3078033226699005
948,2023-12-12 14:23:49.290826,14,1,2023,0.4651080634839111
38,2023-12-10 01:23:49.290826,1,6,2023,0.5045519327785948
1615,2023-12-14 10:23:49.290826,10,3,2023,0.499410102389489
676,2023-12-11 20:23:49.290826,20,0,2023,0.3779372345341302
1694,2023-12-14 15:23:49.290826,15,3,2023,0.4813150308303451
1823,2023-12-15 00:23:49.290826,0,4,2023,0.7518544537468363
1401,2023-12-13 20:23:49.290826,20,2,2023,0.4849630113755643
695,2023-12-11 21:23:49.290826,21,0,2023,0.47057567737450445
1738,2023-12-14 18:23:49.290826,18,3,2023,0.36361450528143135
589,2023-12-11 14:23:49.290826,14,0,2023,0.4124610343543278
1757,2023-12-14 20:23:49.290826,20,3,2023,0.3571466439319657
322,2023-12-10 20:23:49.290826,20,6,2023,0.36692769137022807
1031,2023-12-12 19:23:49.290826,19,1,2023,0.5502394499537661
487,2023-12-11 07:23:49.290826,7,0,2023,0.46539302145236616
412,2023-12-11 02:23:49.290826,2,0,2023,0.18065934979277934
699,2023-12-11 21:23:49.290826,21,0,2023,0.3150902631797179
853,2023-12-12 07:23:49.290826,7,1,2023,0.34381032884926566
216,2023-12-10 13:23:49.290826,13,6,2023,0.4455017427570057
100,2023-12-10 05:23:49.290826,5,6,2023,0.43355461470207723
1697,2023-12-14 16:23:49.290826,16,3,2023,0.47857245638539436
1372,2023-12-13 18:23:49.290826,18,2,2023,0.36480667240698095
517,2023-12-11 09:23:49.290826,9,0,2023,0.23030509935129942
577,2023-12-11 13:23:49.290826,13,0,2023,0.6095741888927183
949,2023-12-12 14:23:49.290826,14,1,2023,0.29578480238124916
30,2023-12-10 01:23:49.290826,1,6,2023,0.6688311179230877
887,2023-12-12 10:23:49.290826,10,1,2023,0.4115035671024425
255,2023-12-10 16:23:49.290826,16,6,2023,0.6289948370948432
418,2023-12-11 02:23:49.290826,2,0,2023,0.4144578699035114
34,2023-12-10 01:23:49.290826,1,6,2023,0.41629954227743815
1441,2023-12-13 23:23:49.290826,23,2,2023,0.5530336845239873
871,2023-12-12 09:23:49.290826,9,1,2023,0.32871162526487396
1160,2023-12-13 04:23:49.290826,4,2,2023,0.2848074461681168
1443,2023-12-13 23:23:49.290826,23,2,2023,0.502598573475341
1870,2023-12-15 03:23:49.290826,3,4,2023,0.46035777454375626
1032,2023-12-12 19:23:49.290826,19,1,2023,0.6804743377328555
990,2023-12-12 17:23:49.290826,17,1,2023,0.34518565058552864
1575,2023-12-14 08:23:49.290826,8,3,2023,0.5727615610601582
883,2023-12-12 09:23:49.290826,9,1,2023,0.5236623037792679
1641,2023-12-14 12:23:49.290826,12,3,2023,0.6411630735901082
234,2023-12-10 14:23:49.290826,14,6,2023,0.23169839884311613
1753,2023-12-14 19:23:49.290826,19,3,2023,0.6024433753937022
184,2023-12-10 11:23:49.290826,11,6,2023,0.4981651261211666
403,2023-12-11 01:23:49.290826,1,0,2023,0.37223415356566214
1498,2023-12-14 02:23:49.290826,2,3,2023,0.5921255791531761
1070,2023-12-12 22:23:49.290826,22,1,2023,0.47057567737450445
1138,2023-12-13 02:23:49.290826,2,2,2023,0.1871986628556833
1136,2023-12-13 02:23:49.290826,2,2,2023,0.3912514863236355
339,2023-12-10 21:23:49.290826,21,6,2023,0.6344095463287087
386,2023-12-11 00:23:49.290826,0,0,2023,0.3912514863236355
989,2023-12-12 16:23:49.290826,16,1,2023,0.5770653157053905
253,2023-12-10 15:23:49.290826,15,6,2023,0.5274187237389072
1771,2023-12-14 21:23:49.290826,21,3,2023,0.25449753121899366
1208,2023-12-13 07:23:49.290826,7,2,2023,0.3838451607860782
952,2023-12-12 14:23:49.290826,14,1,2023,0.6095741888927183
769,2023-12-12 02:23:49.290826,2,1,2023,0.25781842968631763
1752,2023-12-14 19:23:49.290826,19,3,2023,0.7560508064722194
1564,2023-12-14 07:23:49.290826,7,3,2023,0.571439784414183
240,2023-12-10 15:23:49.290826,15,6,2023,0.729690193591582
558,2023-12-11 12:23:49.290826,12,0,2023,0.5249140638683091
1580,2023-12-14 08:23:49.290826,8,3,2023,0.4259368410303601
356,2023-12-10 22:23:49.290826,22,6,2023,0.4726022687498891
1576,2023-12-14 08:23:49.290826,8,3,2023,0.46917323892026364
904,2023-12-12 11:23:49.290826,11,1,2023,0.49821544910053905
1406,2023-12-13 20:23:49.290826,20,2,2023,0.5502394499537661
1526,2023-12-14 04:23:49.290826,4,3,2023,0.29465380704517286
67,2023-12-10 03:23:49.290826,3,6,2023,0.2385547073515564
1253,2023-12-13 10:23:49.290826,10,2,2023,0.470949993773236
96,2023-12-10 05:23:49.290826,5,6,2023,0.40884690453593897
1591,2023-12-14 09:23:49.290826,9,3,2023,0.5934470009170313
107,2023-12-10 06:23:49.290826,6,6,2023,0.20402806325998632
617,2023-12-11 16:23:49.290826,16,0,2023,0.5280878540358181
981,2023-12-12 16:23:49.290826,16,1,2023,0.4874156328692627
742,2023-12-12 00:23:49.290826,0,1,2023,0.4586777949213279
278,2023-12-10 17:23:49.290826,17,6,2023,0.2822406213081018
1767,2023-12-14 20:23:49.290826,20,3,2023,0.2553039555440204
823,2023-12-12 05:23:49.290826,5,1,2023,0.6774614868935265
1057,2023-12-12 21:23:49.290826,21,1,2023,0.37351231857517764
680,2023-12-11 20:23:49.290826,20,0,2023,0.4734416798649488
1636,2023-12-14 12:23:49.290826,12,3,2023,0.3464920288804231
1692,2023-12-14 15:23:49.290826,15,3,2023,0.487082274278685
1806,2023-12-14 23:23:49.290826,23,3,2023,0.6370077503094874
759,2023-12-12 01:23:49.290826,1,1,2023,0.5333842694288938
88,2023-12-10 04:23:49.290826,4,6,2023,0.630288786265845
53,2023-12-10 02:23:49.290826,2,6,2023,0.7051672243405278
623,2023-12-11 16:23:49.290826,16,0,2023,0.7057685939651245
986,2023-12-12 16:23:49.290826,16,1,2023,0.1714300752552261
1671,2023-12-14 14:23:49.290826,14,3,2023,0.34190265786330387
337,2023-12-10 21:23:49.290826,21,6,2023,0.7816333529911396
1212,2023-12-13 07:23:49.290826,7,2,2023,0.5032448601862134
205,2023-12-10 12:23:49.290826,12,6,2023,0.6959389669614906
176,2023-12-10 10:23:49.290826,10,6,2023,0.6466723784057579
1330,2023-12-13 15:23:49.290826,15,2,2023,0.32470294330721405
1335,2023-12-13 16:23:49.290826,16,2,2023,0.5373778515795566
564,2023-12-11 12:23:49.290826,12,0,2023,0.24336346207249984
1258,2023-12-13 10:23:49.290826,10,2,2023,0.5236623037792679
1133,2023-12-13 02:23:49.290826,2,2,2023,0.39072362714941655
129,2023-12-10 07:23:49.290826,7,6,2023,0.6127951058575017
951,2023-12-12 14:23:49.290826,14,1,2023,0.5359532693987472
1484,2023-12-14 01:23:49.290826,1,3,2023,0.340292753652801
1081,2023-12-12 23:23:49.290826,23,1,2023,0.330421955869435
135,2023-12-10 08:23:49.290826,8,6,2023,0.23460264056855953
550,2023-12-11 11:23:49.290826,11,0,2023,0.5735059571034631
1402,2023-12-13 20:23:49.290826,20,2,2023,0.3722936140716582
287,2023-12-10 18:23:49.290826,18,6,2023,0.5808690527773949
1637,2023-12-14 12:23:49.290826,12,3,2023,0.4115035671024425
618,2023-12-11 16:23:49.290826,16,0,2023,0.5789432211987212
1851,2023-12-15 02:23:49.290826,2,4,2023,0.6648751528673981
1292,2023-12-13 13:23:49.290826,13,2,2023,0.7242826571200308
1611,2023-12-14 10:23:49.290826,10,3,2023,0.4531652092606643
851,2023-12-12 07:23:49.290826,7,1,2023,0.39760677787085696
1653,2023-12-14 13:23:49.290826,13,3,2023,0.4896421778625635
320,2023-12-10 20:23:49.290826,20,6,2023,0.49735322468481435
1740,2023-12-14 19:23:49.290826,19,3,2023,0.34518565058552864
500,2023-12-11 08:23:49.290826,8,0,2023,0.7656785820649562
392,2023-12-11 01:23:49.290826,1,0,2023,0.5012003465895105
371,2023-12-10 23:23:49.290826,23,6,2023,0.3392930210466236
511,2023-12-11 09:23:49.290826,9,0,2023,0.3464920288804231
1270,2023-12-13 11:23:49.290826,11,2,2023,0.5671117669800788
423,2023-12-11 03:23:49.290826,3,0,2023,0.5053406005808113
1792,2023-12-14 22:23:49.290826,22,3,2023,0.37382337471491944
976,2023-12-12 16:23:49.290826,16,1,2023,0.46596389963420315
1547,2023-12-14 06:23:49.290826,6,3,2023,0.6059191252854249
1487,2023-12-14 02:23:49.290826,2,3,2023,0.4415714276756666
1298,2023-12-13 13:23:49.290826,13,2,2023,0.504992938449668
579,2023-12-11 13:23:49.290826,13,0,2023,0.26270063141832245
625,2023-12-11 16:23:49.290826,16,0,2023,0.27916319596178607
217,2023-12-10 13:23:49.290826,13,6,2023,0.46426929425226904
450,2023-12-11 05:23:49.290826,5,0,2023,0.5727615610601582
565,2023-12-11 12:23:49.290826,12,0,2023,0.39396008579788644
164,2023-12-10 09:23:49.290826,9,6,2023,0.3818859914677314
963,2023-12-12 15:23:49.290826,15,1,2023,0.548725575554924
406,2023-12-11 02:23:49.290826,2,0,2023,0.7180076633954452
516,2023-12-11 09:23:49.290826,9,0,2023,0.6411630735901082
571,2023-12-11 13:23:49.290826,13,0,2023,0.33231044437984714
1026,2023-12-12 19:23:49.290826,19,1,2023,0.4849630113755643
1206,2023-12-13 07:23:49.290826,7,2,2023,0.5072428114868578
1105,2023-12-13 00:23:49.290826,0,2,2023,0.3155819487501731
661,2023-12-11 19:23:49.290826,19,0,2023,0.43550644971254837
101,2023-12-10 05:23:49.290826,5,6,2023,0.4679792665612129
775,2023-12-12 02:23:49.290826,2,1,2023,0.47253883314171885
1226,2023-12-13 08:23:49.290826,8,2,2023,0.39760677787085696
159,2023-12-10 09:23:49.290826,9,6,2023,0.37935614613823654
71,2023-12-10 03:23:49.290826,3,6,2023,0.4565638614321228
1061,2023-12-12 21:23:49.290826,21,1,2023,0.6117909370466379
898,2023-12-12 10:23:49.290826,10,1,2023,0.5304778017988501
1090,2023-12-12 23:23:49.290826,23,1,2023,0.3409990616330323
23,2023-12-10 00:23:49.290826,0,6,2023,0.4681231674387356
303,2023-12-10 19:23:49.290826,19,6,2023,0.44095570949427
752,2023-12-12 01:23:49.290826,1,1,2023,0.5482036254822696
1399,2023-12-13 20:23:49.290826,20,2,2023,0.3185451172100857
593,2023-12-11 14:23:49.290826,14,0,2023,0.3884838238631043
1341,2023-12-13 16:23:49.290826,16,2,2023,0.3479620147159861
768,2023-12-12 02:23:49.290826,2,1,2023,0.32890381295845295
463,2023-12-11 05:23:49.290826,5,0,2023,0.38222548396239053
43,2023-12-10 01:23:49.290826,1,6,2023,0.2943215638026946
6,2023-12-09 23:23:49.290826,23,5,2023,0.46338745829578176
437,2023-12-11 04:23:49.290826,4,0,2023,0.30094907216741396
1858,2023-12-15 02:23:49.290826,2,4,2023,0.5023944865865637
68,2023-12-10 03:23:49.290826,3,6,2023,0.4932680995287435
1695,2023-12-14 16:23:49.290826,16,3,2023,0.5112186802303001
1186,2023-12-13 06:23:49.290826,6,2,2023,0.43073144446705447
992,2023-12-12 17:23:49.290826,17,1,2023,0.5280878540358181
160,2023-12-10 09:23:49.290826,9,6,2023,0.4361773930998126
504,2023-12-11 08:23:49.290826,8,0,2023,0.3859306649580516
1436,2023-12-13 22:23:49.290826,22,2,2023,0.6117909370466379
1684,2023-12-14 15:23:49.290826,15,3,2023,0.42540246012915095
1826,2023-12-15 00:23:49.290826,0,4,2023,0.6201549110095184
545,2023-12-11 11:23:49.290826,11,0,2023,0.33151301072368555
257,2023-12-10 16:23:49.290826,16,6,2023,0.6982391373726213
1063,2023-12-12 21:23:49.290826,21,1,2023,0.5715784669301963
1439,2023-12-13 22:23:49.290826,22,2,2023,0.640928516583855
1735,2023-12-14 18:23:49.290826,18,3,2023,0.5462626164531948
1358,2023-12-13 17:23:49.290826,17,2,2023,0.365050383325061
1114,2023-12-13 01:23:49.290826,1,2,2023,0.5541883253142666
673,2023-12-11 19:23:49.290826,19,0,2023,0.5714871901796458
1829,2023-12-15 00:23:49.290826,0,4,2023,0.545476950542229
1798,2023-12-14 22:23:49.290826,22,3,2023,0.5714871901796458
1171,2023-12-13 05:23:49.290826,5,2,2023,0.39196913270784683
1764,2023-12-14 20:23:49.290826,20,3,2023,0.42129964495229255
1235,2023-12-13 09:23:49.290826,9,2,2023,0.18642463247137278
666,2023-12-11 19:23:49.290826,19,0,2023,0.3874072255985751
1373,2023-12-13 18:23:49.290826,18,2,2023,0.7057685939651245
640,2023-12-11 17:23:49.290826,17,0,2023,0.28100993609845726
1227,2023-12-13 08:23:49.290826,8,2,2023,0.4085922330560303
171,2023-12-10 10:23:49.290826,10,6,2023,0.49250588693841446
1839,2023-12-15 01:23:49.290826,1,4,2023,0.37743772604934456
502,2023-12-11 08:23:49.290826,8,0,2023,0.3770750001932798
180,2023-12-10 11:23:49.290826,11,6,2023,0.5822251399959075
725,2023-12-11 23:23:49.290826,23,0,2023,0.5007295589453393
32,2023-12-10 01:23:49.290826,1,6,2023,0.42706524633424414
436,2023-12-11 04:23:49.290826,4,0,2023,0.43073144446705447
1789,2023-12-14 22:23:49.290826,22,3,2023,0.3691243659228668
988,2023-12-12 16:23:49.290826,16,1,2023,0.36361450528143135
1722,2023-12-14 17:23:49.290826,17,3,2023,0.5536408482947078
1554,2023-12-14 06:23:49.290826,6,3,2023,0.6022367587744766
375,2023-12-11 00:23:49.290826,0,0,2023,0.5269216393004287
958,2023-12-12 14:23:49.290826,14,1,2023,0.5295060114905416
490,2023-12-11 07:23:49.290826,7,0,2023,0.499410102389489
1325,2023-12-13 15:23:49.290826,15,2,2023,0.5073379325677376
1089,2023-12-12 23:23:49.290826,23,1,2023,0.37743772604934456
529,2023-12-11 10:23:49.290826,10,0,2023,0.49821544910053905
1344,2023-12-13 16:23:49.290826,16,2,2023,0.46844404104819104
1103,2023-12-13 00:23:49.290826,0,2,2023,0.4343571071312484
795,2023-12-12 04:23:49.290826,4,1,2023,0.3554304408332002
289,2023-12-10 18:23:49.290826,18,6,2023,0.650939463097919
178,2023-12-10 10:23:49.290826,10,6,2023,0.44310017081091846
867,2023-12-12 08:23:49.290826,8,1,2023,0.29216093093689965
263,2023-12-10 16:23:49.290826,16,6,2023,0.6372690661083714
326,2023-12-10 20:23:49.290826,20,6,2023,0.6445738871923296
656,2023-12-11 18:23:49.290826,18,0,2023,0.5502394499537661
441,2023-12-11 04:23:49.290826,4,0,2023,0.44675186648788645
1034,2023-12-12 19:23:49.290826,19,1,2023,0.7575840993163806
1433,2023-12-13 22:23:49.290826,22,2,2023,0.5340238716747276
1543,2023-12-14 05:23:49.290826,5,3,2023,0.4144578699035114
1765,2023-12-14 20:23:49.290826,20,3,2023,0.28100993609845726
1135,2023-12-13 02:23:49.290826,2,2,2023,0.3915774041610872
250,2023-12-10 15:23:49.290826,15,6,2023,0.2634341838472365
1665,2023-12-14 14:23:49.290826,14,3,2023,0.5150900576949704
1649,2023-12-14 12:23:49.290826,12,3,2023,0.49876692930625344
341,2023-12-10 21:23:49.290826,21,6,2023,0.3196911299477403
97,2023-12-10 05:23:49.290826,5,6,2023,0.5172800447261855
1380,2023-12-13 19:23:49.290826,19,2,2023,0.38864303941836476
1280,2023-12-13 12:23:49.290826,12,2,2023,0.35620472773391854
1165,2023-12-13 04:23:49.290826,4,2,2023,0.561000081199398
828,2023-12-12 06:23:49.290826,6,1,2023,0.46983770312582784
1843,2023-12-15 01:23:49.290826,1,4,2023,0.385441868534811
1048,2023-12-12 20:23:49.290826,20,1,2023,0.5714871901796458
1314,2023-12-13 14:23:49.290826,14,2,2023,0.24336346207249984
1480,2023-12-14 01:23:49.290826,1,3,2023,0.3155819487501731
1394,2023-12-13 19:23:49.290826,19,2,2023,0.4753324602692557
1378,2023-12-13 18:23:49.290826,18,2,2023,0.6024433753937022
103,2023-12-10 05:23:49.290826,5,6,2023,0.5214880271527085
401,2023-12-11 01:23:49.290826,1,0,2023,0.29465380704517286
1551,2023-12-14 06:23:49.290826,6,3,2023,0.40261989433699186
1584,2023-12-14 08:23:49.290826,8,3,2023,0.3429340482323806
338,2023-12-10 21:23:49.290826,21,6,2023,0.24835401851195285
426,2023-12-11 03:23:49.290826,3,0,2023,0.40261989433699186
77,2023-12-10 04:23:49.290826,4,6,2023,0.681013125816493
1013,2023-12-12 18:23:49.290826,18,1,2023,0.31250071386163414
138,2023-12-10 08:23:49.290826,8,6,2023,0.44623657422005236
1448,2023-12-13 23:23:49.290826,23,2,2023,0.7518544537468363
1151,2023-12-13 03:23:49.290826,3,2,2023,0.29465380704517286
1605,2023-12-14 10:23:49.290826,10,3,2023,0.5138594301842706
478,2023-12-11 06:23:49.290826,6,0,2023,0.34381032884926566
174,2023-12-10 10:23:49.290826,10,6,2023,0.6121498468532683
434,2023-12-11 03:23:49.290826,3,0,2023,0.5944196732777295
1071,2023-12-12 22:23:49.290826,22,1,2023,0.5407985618619788
245,2023-12-10 15:23:49.290826,15,6,2023,0.6233308403393202
413,2023-12-11 02:23:49.290826,2,0,2023,0.2696760088097523
1754,2023-12-14 19:23:49.290826,19,3,2023,0.2427259173849309
637,2023-12-11 17:23:49.290826,17,0,2023,0.0
903,2023-12-12 11:23:49.290826,11,1,2023,0.4896421778625635
1866,2023-12-15 03:23:49.290826,3,4,2023,0.4884917385200531
395,2023-12-11 01:23:49.290826,1,0,2023,0.6635067500441616
1712,2023-12-14 17:23:49.290826,17,3,2023,0.5913828298635675
1683,2023-12-14 15:23:49.290826,15,3,2023,0.5249140638683091
1444,2023-12-13 23:23:49.290826,23,2,2023,0.438557203058344
93,2023-12-10 05:23:49.290826,5,6,2023,0.5526077355905593
804,2023-12-12 04:23:49.290826,4,1,2023,0.6022367587744766
4,2023-12-09 23:23:49.290826,23,5,2023,0.6593746147118832
1861,2023-12-15 03:23:49.290826,3,4,2023,0.6729640597621248
1295,2023-12-13 13:23:49.290826,13,2,2023,0.33151301072368555
1293,2023-12-13 13:23:49.290826,13,2,2023,0.4223117730286594
1045,2023-12-12 20:23:49.290826,20,1,2023,0.3592272575196368
585,2023-12-11 14:23:49.290826,14,0,2023,0.5373778515795566
1225,2023-12-13 08:23:49.290826,8,2,2023,0.25738608668932705
78,2023-12-10 04:23:49.290826,4,6,2023,0.5378262179067486
724,2023-12-11 23:23:49.290826,23,0,2023,0.42681430609261894
1833,2023-12-15 01:23:49.290826,1,4,2023,0.3614471456425865
826,2023-12-12 06:23:49.290826,6,1,2023,0.46917323892026364
102,2023-12-10 05:23:49.290826,5,6,2023,0.15682737933870652
1098,2023-12-13 00:23:49.290826,0,2,2023,0.35562778892638136
1204,2023-12-13 07:23:49.290826,7,2,2023,0.17672661856645203
1416,2023-12-13 21:23:49.290826,21,2,2023,0.3874072255985751
367,2023-12-10 23:23:49.290826,23,6,2023,0.1780437410313748
277,2023-12-10 17:23:49.290826,17,6,2023,0.44232261530534234
189,2023-12-10 11:23:49.290826,11,6,2023,0.554929583237289
543,2023-12-11 11:23:49.290826,11,0,2023,0.4223117730286594
1630,2023-12-14 11:23:49.290826,11,3,2023,0.2383146585365943
1259,2023-12-13 10:23:49.290826,10,2,2023,0.32729679849670557
996,2023-12-12 17:23:49.290826,17,1,2023,0.3899524224513964
1645,2023-12-14 12:23:49.290826,12,3,2023,0.5671117669800788
430,2023-12-11 03:23:49.290826,3,0,2023,0.588179891024813
1442,2023-12-13 23:23:49.290826,23,2,2023,0.41316620617155786
918,2023-12-12 12:23:49.290826,12,1,2023,0.4223117730286594
1196,2023-12-13 06:23:49.290826,6,2,2023,0.6737108393415698
1661,2023-12-14 13:23:49.290826,13,3,2023,0.5678534829136018
1029,2023-12-12 19:23:49.290826,19,1,2023,0.4025872869950732
1172,2023-12-13 05:23:49.290826,5,2,2023,0.6059191252854249
453,2023-12-11 05:23:49.290826,5,0,2023,0.46983770312582784
1156,2023-12-13 04:23:49.290826,4,2,2023,0.7180076633954452
163,2023-12-10 09:23:49.290826,9,6,2023,0.27468879533463253
1650,2023-12-14 13:23:49.290826,13,3,2023,0.4922132458342523
1036,2023-12-12 20:23:49.290826,20,1,2023,0.43550644971254837
76,2023-12-10 04:23:49.290826,4,6,2023,0.23901012585948592
641,2023-12-11 17:23:49.290826,17,0,2023,0.6870143004384246
827,2023-12-12 06:23:49.290826,6,1,2023,0.4147533795551823
1796,2023-12-14 22:23:49.290826,22,3,2023,0.583714110237573
1466,2023-12-14 00:23:49.290826,0,3,2023,0.4912538942729736
674,2023-12-11 19:23:49.290826,19,0,2023,0.5456578545274079
701,2023-12-11 21:23:49.290826,21,0,2023,0.6201549110095184
1677,2023-12-14 14:23:49.290826,14,3,2023,0.661799011989319
1555,2023-12-14 06:23:49.290826,6,3,2023,0.588179891024813
309,2023-12-10 19:23:49.290826,19,6,2023,0.592000824939892
796,2023-12-12 04:23:49.290826,4,1,2023,0.39196913270784683
1489,2023-12-14 02:23:49.290826,2,3,2023,0.5541883253142666
738,2023-12-12 00:23:49.290826,0,1,2023,0.5135296958875203
122,2023-12-10 07:23:49.290826,7,6,2023,0.3209374006799194
1269,2023-12-13 11:23:49.290826,11,2,2023,0.4935368919366284
1169,2023-12-13 04:23:49.290826,4,2,2023,0.24848402033381703
1463,2023-12-14 00:23:49.290826,0,3,2023,0.5151112766636674
1716,2023-12-14 17:23:49.290826,17,3,2023,0.3479620147159861
1116,2023-12-13 01:23:49.290826,1,2,2023,0.4884917385200531
1739,2023-12-14 18:23:49.290826,18,3,2023,0.5770653157053905
856,2023-12-12 08:23:49.290826,8,1,2023,0.7227874381756071
476,2023-12-11 06:23:49.290826,6,0,2023,0.39760677787085696
179,2023-12-10 10:23:49.290826,10,6,2023,0.7772347010597683
1129,2023-12-13 02:23:49.290826,2,2,2023,0.4238954695512579
957,2023-12-12 14:23:49.290826,14,1,2023,0.5293281519470108
854,2023-12-12 07:23:49.290826,7,1,2023,0.4341672027155966
1108,2023-12-13 00:23:49.290826,0,2,2023,0.5023944865865637
1008,2023-12-12 18:23:49.290826,18,1,2023,0.5194653757561044
198,2023-12-10 12:23:49.290826,12,6,2023,0.3778770996707732
1202,2023-12-13 07:23:49.290826,7,2,2023,0.4147533795551823
675,2023-12-11 20:23:49.290826,20,0,2023,0.3400440832749445
131,2023-12-10 07:23:49.290826,7,6,2023,0.3418452911247073
440,2023-12-11 04:23:49.290826,4,0,2023,0.6480840324822575
1260,2023-12-13 11:23:49.290826,11,2,2023,0.6753880088527969
877,2023-12-12 09:23:49.290826,9,1,2023,0.3770750001932798
282,2023-12-10 17:23:49.290826,17,6,2023,0.3423830549016087
1493,2023-12-14 02:23:49.290826,2,3,2023,0.4706715518696013
407,2023-12-11 02:23:49.290826,2,0,2023,0.4550000912534423
1625,2023-12-14 11:23:49.290826,11,3,2023,0.7656785820649562
243,2023-12-10 15:23:49.290826,15,6,2023,0.43108505399961583
321,2023-12-10 20:23:49.290826,20,6,2023,0.33962684235864216
1104,2023-12-13 00:23:49.290826,0,2,2023,0.45422211210565155
931,2023-12-12 13:23:49.290826,13,1,2023,0.33607417206319756
